0 4
0 8
0 14
0 16
0 18
0 21
0 22
0 24
0 25
0 26
0 27
0 29
1 16
1 29
1 27
1 20
1 22
1 8
1 25
1 11
1 12
1 13
1 15
2 3
2 5
2 6
2 7
2 8
2 10
2 14
2 15
2 18
2 19
2 20
2 21
2 25
2 26
2 27
2 28
2 29
3 5
3 7
3 9
3 10
3 11
3 12
3 13
3 15
3 17
3 21
3 23
3 24
3 25
3 26
3 27
3 29
4 5
4 6
4 7
4 8
4 9
4 11
4 12
4 14
4 15
4 17
4 18
4 19
4 20
4 21
4 24
4 26
4 27
4 29
5 7
5 8
5 9
5 10
5 11
5 17
5 19
5 20
5 21
5 24
5 26
5 27
5 28
6 7
6 9
6 10
6 11
6 13
6 14
6 15
6 18
6 21
6 22
6 29
7 8
7 10
7 13
7 17
7 18
7 19
7 20
7 21
7 24
7 25
7 26
7 27
8 9
8 10
8 12
8 13
8 16
8 17
8 19
8 22
8 24
8 27
9 10
9 12
9 14
9 16
9 17
9 19
9 21
9 22
9 23
9 24
9 26
9 27
9 28
10 14
10 17
10 19
10 22
10 24
10 26
10 27
10 28
11 12
11 14
11 15
11 16
11 17
11 18
11 19
11 20
11 23
11 24
11 25
11 28
11 29
12 13
12 14
12 18
12 20
12 21
12 22
12 26
12 28
12 29
13 14
13 19
13 20
13 21
13 22
13 23
13 24
13 27
13 28
14 16
14 17
14 21
14 23
14 24
14 25
14 26
14 27
15 16
15 17
15 18
15 20
15 22
15 24
15 25
15 27
15 29
16 17
16 19
16 20
16 22
16 23
16 25
16 26
17 18
17 19
17 20
17 21
17 22
17 27
18 19
18 20
18 21
18 22
18 23
18 24
18 25
18 27
18 28
18 29
19 20
19 23
19 24
19 27
19 29
20 21
20 23
20 24
20 25
20 27
21 23
21 24
21 25
21 27
21 28
22 23
22 24
22 26
22 28
22 29
23 24
23 25
23 26
23 28
24 28
25 26
26 29
27 29
