0 26
0 20
0 6
0 22
0 23
0 10
0 13
1 17
1 2
1 24
1 25
1 27
1 12
1 13
1 29
2 16
2 5
2 25
2 8
2 9
2 10
2 11
2 21
2 15
3 25
3 5
3 22
3 7
3 24
3 9
3 15
4 16
4 21
4 25
4 24
4 9
4 10
4 26
5 20
5 25
5 7
5 8
5 9
5 12
6 23
6 28
6 7
7 10
7 27
7 29
8 17
8 19
8 11
8 12
8 29
9 10
9 19
9 20
9 21
9 23
9 25
9 26
9 29
10 22
10 23
10 18
11 20
11 12
11 29
11 15
12 18
12 15
13 18
13 22
13 16
13 15
14 25
14 29
14 28
14 21
14 23
15 16
15 22
16 23
16 20
16 29
16 18
17 18
17 19
17 26
17 28
17 29
18 21
19 23
19 24
20 23
20 26
20 28
20 29
21 22
21 25
21 24
22 27
23 28
23 26
24 27
25 28
26 27
26 28
26 29
