0 1
0 3
0 4
0 6
0 7
0 8
0 9
0 18
0 21
0 22
0 23
0 25
0 26
0 27
0 28
0 29
1 5
1 6
1 10
1 11
1 12
1 14
1 15
1 17
1 18
1 20
1 22
1 25
1 26
1 29
2 3
2 25
2 21
2 6
2 7
2 24
2 9
2 27
2 13
2 14
3 19
3 22
3 7
3 9
3 18
4 5
4 8
4 9
4 12
4 13
4 15
4 16
4 17
4 18
4 20
4 21
4 22
4 24
4 26
4 27
4 29
5 18
5 21
5 24
5 17
5 8
5 28
5 12
5 15
6 7
6 10
6 12
6 13
6 15
6 19
6 20
6 23
6 27
7 9
7 11
7 12
7 17
7 18
7 20
7 24
7 25
7 26
7 27
7 29
8 10
8 13
8 16
8 17
8 19
8 24
8 25
8 26
8 27
8 28
9 10
9 12
9 14
9 16
9 18
9 19
9 22
9 23
9 24
9 25
9 29
10 11
10 12
10 13
10 14
10 17
10 18
10 20
10 22
10 24
10 25
10 26
10 27
11 19
11 20
11 22
11 27
11 12
11 26
11 15
12 17
12 21
12 23
12 24
12 25
13 16
13 18
13 20
13 22
13 24
13 25
13 26
13 29
14 19
14 20
14 21
14 23
15 16
15 17
15 18
15 20
15 22
15 24
15 25
15 26
15 28
15 29
16 24
16 23
16 29
17 19
17 21
18 23
18 24
18 25
18 26
18 28
18 29
19 20
19 21
19 26
20 21
20 22
20 23
20 25
20 26
21 23
21 24
21 26
21 28
22 23
22 25
22 27
22 29
23 27
25 27
26 27
28 29
