0 16
0 1
0 18
0 19
0 36
0 38
0 22
0 17
0 13
0 15
1 34
1 4
1 5
1 7
1 39
1 16
1 20
1 23
1 25
1 26
1 36
1 29
1 31
2 33
2 38
2 6
2 8
2 16
2 17
2 19
2 22
2 23
2 24
2 25
2 26
2 28
2 29
3 33
3 35
3 4
3 6
3 7
3 9
3 12
3 15
3 19
3 22
3 24
3 26
3 31
4 5
4 7
4 8
4 11
4 13
4 14
4 15
4 16
4 20
4 21
4 22
4 24
4 25
4 26
4 27
4 29
4 30
4 37
5 33
5 7
5 8
5 11
5 14
5 15
5 16
5 23
5 24
5 25
5 26
5 36
5 37
5 31
6 21
6 23
6 31
6 27
6 14
6 15
7 32
7 35
7 8
7 13
7 14
7 15
7 19
7 20
7 22
7 23
7 38
7 37
8 32
8 38
8 10
8 16
8 17
8 18
8 23
8 25
8 26
8 27
8 37
8 31
9 32
9 37
9 19
9 21
9 22
9 23
9 33
9 38
9 29
9 15
10 34
10 36
10 37
10 38
10 11
10 13
10 14
10 17
10 18
10 26
10 31
11 32
11 33
11 34
11 39
11 13
11 14
11 16
11 17
11 18
11 19
11 22
11 23
11 28
11 30
12 32
12 33
12 34
12 38
12 35
12 18
12 19
12 20
12 21
12 26
12 27
12 29
12 30
13 32
13 35
13 16
13 17
13 22
13 23
13 24
13 25
13 27
13 28
13 29
13 30
14 32
14 33
14 35
14 15
14 16
14 17
14 21
14 25
14 29
14 30
15 20
15 24
15 36
15 26
15 30
15 31
16 33
16 38
16 32
16 20
16 24
16 25
16 26
16 27
16 30
16 31
17 34
17 37
17 18
17 23
17 28
17 29
17 31
18 35
18 19
18 20
18 21
18 24
18 27
18 28
18 31
19 32
19 37
19 34
19 20
19 21
19 25
19 27
19 39
19 31
20 35
20 37
20 22
20 36
20 26
20 27
20 30
21 33
21 38
21 22
21 23
21 26
21 27
21 28
21 29
21 30
21 31
22 33
22 38
22 35
22 24
22 39
22 26
22 28
22 29
22 30
23 33
23 36
23 34
23 35
23 25
23 26
23 27
23 29
23 30
24 33
24 39
24 36
24 29
25 32
25 34
25 33
25 26
25 28
25 29
25 31
26 27
26 28
26 30
26 32
26 33
26 34
26 36
26 38
27 37
27 38
28 33
28 37
28 38
28 30
29 37
29 38
29 39
29 36
30 32
30 33
30 34
30 37
30 36
31 32
31 34
31 33
31 39
31 37
32 34
32 35
32 36
32 37
33 38
34 37
34 38
36 39
37 38
37 39
38 39
