0 16
0 1
0 2
0 35
0 6
0 32
0 24
0 25
0 10
0 11
1 2
1 27
1 4
1 24
1 25
1 26
1 11
2 3
2 20
2 37
2 7
2 25
2 39
2 28
3 35
3 4
3 5
3 6
3 10
3 12
3 13
3 14
3 18
3 23
3 25
3 27
3 28
3 37
4 36
4 5
4 38
4 7
4 11
4 13
4 18
4 20
4 22
4 37
5 27
5 9
5 18
6 35
6 34
6 20
6 26
6 29
6 14
6 15
7 33
7 39
7 11
7 13
7 29
8 16
8 32
8 19
8 36
8 23
8 25
8 26
8 39
8 28
9 34
9 35
9 22
9 24
9 31
9 30
9 15
10 16
10 20
10 37
10 35
10 38
10 25
10 27
10 29
11 35
11 37
11 38
11 33
11 17
11 19
11 36
11 31
12 16
12 17
12 20
12 21
12 22
12 33
12 27
12 35
12 29
12 31
13 17
13 22
13 36
13 26
13 28
13 31
14 16
14 18
14 20
14 21
14 38
14 22
14 27
14 34
14 15
15 32
15 18
15 20
16 32
16 21
16 39
16 28
17 21
17 30
17 31
18 19
18 33
18 38
18 31
18 27
19 32
19 35
19 21
19 22
19 23
20 35
20 24
20 26
20 28
20 31
21 32
21 33
21 22
21 23
21 39
21 37
22 32
22 34
22 39
22 23
22 36
22 27
22 29
23 38
23 29
23 30
24 35
24 33
24 26
24 36
25 36
25 34
25 28
25 26
25 29
26 34
26 37
26 38
27 38
27 29
27 31
28 34
28 35
29 33
29 34
29 37
30 33
30 37
30 31
31 32
32 34
32 39
33 35
33 36
33 38
34 36
34 38
