0 1
0 2
0 35
0 37
0 6
0 33
0 9
0 10
0 11
0 12
0 34
0 17
0 18
0 19
0 20
0 23
0 26
0 38
0 28
0 29
0 30
1 2
1 34
1 4
1 5
1 38
1 7
1 10
1 39
1 13
1 14
1 15
1 16
1 35
1 20
1 22
1 26
1 29
1 37
2 3
2 7
2 10
2 11
2 12
2 13
2 14
2 17
2 18
2 20
2 21
2 26
2 27
2 28
2 29
2 30
2 32
2 35
2 37
2 38
2 39
3 32
3 33
3 35
3 4
3 37
3 6
3 38
3 9
3 11
3 12
3 15
3 16
3 19
3 21
3 22
3 24
3 25
3 26
3 27
3 31
4 34
4 38
4 5
4 35
4 33
4 8
4 9
4 13
4 14
4 15
4 19
4 21
4 22
4 23
4 25
4 26
4 27
4 31
5 32
5 33
5 9
5 10
5 39
5 17
5 21
5 23
5 24
5 25
5 26
5 27
5 30
5 36
6 33
6 34
6 36
6 8
6 10
6 11
6 12
6 14
6 16
6 19
6 21
6 22
6 23
6 26
6 28
7 32
7 36
7 37
7 38
7 33
7 8
7 9
7 11
7 16
7 18
7 21
7 22
7 23
7 39
7 26
7 27
7 31
8 9
8 10
8 11
8 13
8 14
8 15
8 17
8 19
8 22
8 23
8 24
8 26
8 27
8 28
8 29
8 30
8 31
8 32
8 34
8 35
8 36
8 37
8 39
9 32
9 34
9 38
9 36
9 13
9 14
9 17
9 18
9 20
9 21
9 25
9 33
9 28
9 31
10 32
10 38
10 14
10 15
10 21
10 23
10 27
10 28
10 31
11 33
11 36
11 13
11 34
11 18
11 19
11 29
11 30
12 36
12 38
12 39
12 14
12 16
12 18
12 19
12 23
12 25
12 28
12 29
12 31
13 32
13 35
13 34
13 14
13 17
13 18
13 22
13 23
13 36
13 26
13 27
13 28
14 15
14 16
14 17
14 22
14 23
14 24
14 25
14 26
14 27
14 29
14 30
14 31
14 32
14 33
14 35
14 38
15 37
15 16
15 17
15 18
15 35
15 22
15 23
15 24
15 36
15 26
16 34
16 36
16 18
16 19
16 21
16 23
16 24
16 25
16 26
16 28
16 29
16 30
16 31
17 32
17 34
17 38
17 33
17 39
17 37
17 35
17 22
17 23
17 24
17 29
17 31
18 19
18 20
18 23
18 24
18 25
18 26
18 28
18 29
18 30
18 31
18 32
18 34
18 39
19 38
19 35
19 22
19 23
19 36
19 29
19 31
20 35
20 36
20 33
20 38
20 32
20 39
20 24
20 25
20 26
20 28
20 37
20 30
20 31
21 32
21 33
21 39
21 34
21 35
21 23
21 36
21 26
21 38
21 30
21 37
22 37
22 23
22 24
22 36
22 26
22 38
22 28
22 29
22 31
23 25
23 31
23 36
23 37
23 38
23 39
24 32
24 34
24 36
24 35
24 27
24 30
24 37
25 32
25 33
25 35
25 27
25 37
25 30
25 31
26 28
26 29
26 30
26 31
26 35
26 37
26 38
26 39
27 32
27 29
27 31
28 32
28 34
28 36
28 38
28 33
29 35
29 36
29 38
29 33
29 34
29 31
30 36
30 39
30 34
31 32
31 39
32 33
32 36
32 37
32 38
32 39
33 34
33 39
33 37
34 37
34 39
34 36
34 38
35 39
36 37
37 38
37 39
38 39
