0 1
0 19
0 35
0 27
0 12
0 13
0 15
1 18
1 36
1 6
1 10
1 11
1 13
2 33
2 34
2 5
2 25
2 26
2 11
2 28
2 37
3 16
3 36
3 4
3 21
3 6
3 20
3 11
3 12
3 13
3 14
3 29
4 32
4 38
4 39
4 27
4 13
4 14
5 37
5 23
5 26
5 27
5 14
6 34
6 36
6 33
6 35
6 23
6 24
6 9
6 15
7 8
7 21
7 23
8 17
8 20
8 22
8 23
8 13
9 16
9 35
9 14
9 21
10 24
10 34
10 11
10 23
11 21
11 33
11 39
11 12
11 18
11 31
12 16
12 20
12 39
12 25
13 22
13 14
14 19
14 17
14 34
14 33
14 26
15 17
15 20
15 37
15 28
15 29
16 32
16 36
16 25
16 26
16 30
16 31
17 18
17 21
17 38
17 25
17 27
18 23
18 25
18 30
19 21
19 39
20 37
20 38
20 28
21 25
21 26
21 36
21 31
22 26
22 30
23 27
23 28
23 29
24 32
24 38
25 32
25 33
25 29
26 33
26 30
27 36
27 33
28 31
29 35
29 36
29 37
29 30
30 35
30 37
30 38
31 34
31 38
31 39
33 38
34 37
35 37
36 39
38 39
