0 2
0 3
0 36
0 5
0 6
0 39
0 43
0 13
0 15
0 16
0 49
0 19
0 22
0 45
0 28
0 30
1 37
1 38
1 49
1 42
1 43
1 44
1 13
1 15
1 48
1 17
1 20
1 29
1 31
2 48
2 5
2 15
2 47
2 16
2 49
2 20
2 22
2 23
2 24
2 27
2 30
3 43
3 6
3 7
3 40
3 42
3 39
3 45
3 49
3 20
3 21
3 25
3 29
3 30
4 36
4 37
4 6
4 9
4 42
4 14
4 47
4 49
4 19
4 25
4 26
4 38
5 32
5 36
5 37
5 38
5 39
5 8
5 42
5 43
5 12
5 40
5 19
5 22
5 24
5 26
5 31
6 45
6 37
6 7
6 40
6 11
6 13
6 43
6 17
6 21
6 22
6 24
6 31
7 33
7 34
7 36
7 37
7 10
7 11
7 12
7 15
7 18
7 35
7 21
7 23
7 26
8 33
8 36
8 11
8 46
8 15
8 17
8 22
8 24
8 25
8 27
8 29
9 36
9 27
9 28
9 45
9 14
10 32
10 17
10 35
10 20
10 25
10 26
10 27
10 44
10 30
10 36
11 34
11 38
11 43
11 44
11 13
11 48
11 23
11 29
11 31
12 34
12 35
12 24
12 13
12 47
13 34
13 37
13 32
13 28
13 29
13 46
14 48
14 34
14 39
14 42
14 45
14 15
14 16
14 36
14 47
14 31
15 38
15 41
15 43
15 45
15 48
15 19
15 24
16 35
16 36
16 40
16 44
16 48
16 49
16 20
16 23
16 24
16 29
17 34
17 39
17 40
17 44
17 45
17 21
17 22
17 24
17 30
18 48
18 49
18 20
18 37
18 22
18 42
18 38
18 29
18 31
19 32
19 25
19 36
19 45
20 33
20 34
20 32
20 39
20 42
21 32
21 33
21 40
21 42
21 39
21 45
21 35
22 35
22 49
22 41
22 42
22 40
22 23
22 38
22 28
22 31
23 32
23 41
23 24
23 25
24 36
24 47
24 34
24 46
24 38
24 37
25 38
25 47
25 48
25 49
25 35
25 31
26 32
26 33
26 36
26 46
26 28
26 30
26 47
27 40
27 42
27 29
27 30
27 31
28 33
28 34
28 35
28 36
28 40
28 29
29 36
29 37
29 33
29 40
29 35
29 39
29 30
29 31
30 33
30 37
30 32
30 44
30 45
30 48
30 35
31 34
31 35
31 36
31 33
31 46
31 37
32 34
32 40
32 43
32 46
32 47
32 37
33 36
33 37
33 39
33 44
33 45
33 46
33 48
34 35
34 36
34 44
35 48
35 37
35 38
35 41
35 45
35 49
37 38
38 39
38 48
40 41
40 46
41 48
41 42
41 47
41 45
43 48
43 47
43 49
44 48
44 46
45 46
45 48
46 49
47 48
