0 34
0 43
0 21
0 39
0 42
0 11
0 44
0 29
1 34
1 36
1 38
1 22
1 23
1 8
1 42
1 45
1 30
2 9
2 42
2 4
2 28
2 31
3 35
3 4
3 37
3 42
3 45
3 15
3 16
3 17
3 25
3 26
3 28
3 29
4 36
4 5
4 6
4 47
4 43
4 44
4 46
4 15
4 19
4 20
4 21
4 26
4 27
4 37
5 17
5 43
5 22
5 23
5 9
5 11
5 36
5 15
6 16
6 32
6 20
6 11
6 12
6 44
7 43
7 35
7 49
7 22
7 25
7 9
7 26
7 23
7 13
7 30
8 32
8 34
8 40
8 24
8 9
8 26
8 29
8 47
9 36
9 41
9 42
9 46
9 44
9 34
9 14
9 15
9 16
9 17
9 21
9 30
10 16
10 48
10 18
10 37
10 24
10 25
10 26
10 11
10 12
10 45
11 16
11 42
11 19
11 20
11 12
11 29
11 37
12 22
12 39
12 25
12 26
12 29
13 27
13 22
13 24
13 43
13 44
13 47
14 16
14 17
14 24
14 28
14 29
14 46
14 47
15 32
15 46
15 44
15 20
15 36
16 32
16 21
16 41
16 44
16 45
17 20
17 23
17 42
17 43
17 21
18 19
18 35
18 21
18 22
18 45
19 41
19 26
19 28
19 31
20 21
20 41
21 33
21 38
21 39
21 45
21 27
21 28
21 31
22 34
22 38
22 40
22 28
23 49
23 35
23 33
23 44
23 29
23 37
24 40
24 35
24 49
24 43
24 44
24 47
25 35
25 49
25 29
25 31
26 32
26 41
26 36
26 42
27 49
27 35
27 38
27 41
27 28
27 44
28 33
28 49
28 46
28 29
29 37
29 44
29 45
30 31
30 33
31 41
31 46
31 47
32 47
32 46
33 49
33 44
33 43
33 45
34 37
34 42
34 47
35 48
35 49
35 39
36 41
36 47
36 44
38 48
38 46
40 41
40 42
40 44
40 47
42 48
44 47
46 49
47 48
