0 1
0 29
0 46
1 18
1 22
1 7
1 41
1 39
1 14
2 21
2 7
2 26
2 29
2 30
2 37
3 9
3 39
3 4
3 44
3 31
4 40
4 44
4 30
5 24
5 28
6 17
6 18
6 20
6 25
6 28
6 29
7 49
7 42
7 25
8 17
8 27
8 25
8 13
8 21
9 17
10 16
10 19
10 20
10 24
10 11
10 44
10 31
11 17
11 18
11 22
11 27
11 46
11 47
13 16
13 32
13 19
13 48
13 14
14 32
14 17
15 17
15 43
15 37
15 46
15 41
16 48
16 21
16 27
16 30
17 32
17 40
17 25
18 19
18 37
19 34
19 23
19 26
19 45
20 23
21 49
21 39
21 25
22 26
23 28
23 44
24 32
24 33
24 41
24 44
24 26
24 30
25 49
25 33
25 42
25 47
26 45
26 47
27 29
28 35
28 38
28 31
29 30
29 47
30 35
30 46
31 37
32 39
32 47
33 37
33 49
34 44
35 49
36 49
36 46
37 41
39 49
40 48
41 42
41 43
41 45
44 46
