0 32
0 33
0 4
0 6
0 40
0 9
0 42
0 46
0 12
0 13
0 14
0 15
0 16
0 21
0 36
0 26
0 27
0 28
0 31
1 3
1 4
1 14
1 16
1 20
1 21
1 22
1 24
1 25
1 26
1 28
1 29
1 34
1 37
1 38
1 40
1 41
1 42
1 43
1 44
1 45
1 47
2 32
2 33
2 34
2 36
2 5
2 38
2 49
2 8
2 10
2 12
2 46
2 40
2 19
2 23
2 24
2 26
3 4
3 7
3 8
3 9
3 10
3 11
3 13
3 19
3 21
3 22
3 24
3 25
3 26
3 28
3 29
3 34
3 36
3 38
3 40
3 47
3 49
4 11
4 13
4 15
4 17
4 18
4 19
4 20
4 22
4 24
4 28
4 29
4 32
4 33
4 35
4 36
4 37
4 38
4 41
4 49
5 32
5 37
5 38
5 39
5 9
5 12
5 13
5 45
5 16
5 49
5 18
5 21
5 22
5 23
5 26
5 27
5 29
5 30
5 31
6 7
6 9
6 10
6 11
6 15
6 19
6 23
6 24
6 29
6 30
6 31
6 33
6 34
6 35
6 36
6 37
6 38
6 40
6 42
6 44
6 47
6 48
7 33
7 49
7 8
7 43
7 44
7 45
7 46
7 15
7 48
7 40
7 19
7 21
7 22
7 25
7 35
7 30
7 31
8 32
8 47
8 38
8 40
8 9
8 12
8 14
8 15
8 18
8 19
8 20
8 46
8 26
8 27
8 30
9 35
9 10
9 11
9 44
9 13
9 17
9 19
9 24
9 27
9 29
9 42
10 33
10 36
10 41
10 44
10 13
10 15
10 20
10 21
10 23
10 26
10 29
10 30
11 12
11 16
11 18
11 19
11 21
11 28
11 33
11 34
11 37
11 38
11 39
11 40
11 41
11 42
11 43
11 44
11 45
11 47
12 13
12 14
12 16
12 17
12 20
12 27
12 28
12 29
12 30
12 33
12 34
12 35
12 36
12 38
12 39
12 45
12 47
13 33
13 40
13 43
13 14
13 47
13 18
13 35
13 46
13 25
13 26
13 28
13 29
14 37
14 33
14 43
14 46
14 16
14 40
14 21
14 22
14 23
14 26
14 31
15 32
15 35
15 37
15 47
15 49
15 20
15 21
15 23
15 36
15 26
16 34
16 35
16 36
16 49
16 40
16 41
16 45
16 17
16 18
16 21
16 24
16 27
16 30
17 32
17 35
17 37
17 38
17 39
17 40
17 20
17 21
17 24
17 36
17 28
18 32
18 33
18 43
18 39
18 49
18 21
18 24
18 26
18 37
19 20
19 23
19 24
19 29
19 33
19 34
19 35
19 36
19 37
19 40
19 41
19 43
19 44
19 47
19 48
19 49
20 34
20 38
20 33
20 41
20 45
20 46
20 21
20 22
20 24
20 36
20 28
20 42
21 41
21 43
21 35
21 46
21 22
21 39
21 49
21 30
22 32
22 34
22 39
22 44
22 35
22 23
22 25
22 29
22 30
23 33
23 35
23 38
23 41
23 43
23 44
23 49
23 24
23 25
23 27
23 29
23 30
24 33
24 42
24 44
24 46
24 47
24 25
24 27
24 31
25 40
25 41
25 42
25 43
25 44
25 26
25 27
25 28
25 29
25 30
25 31
26 27
26 31
26 32
26 33
26 34
26 36
26 37
26 39
26 40
26 43
26 44
26 48
26 49
27 33
27 34
27 48
27 43
27 46
27 44
27 41
27 28
27 30
27 31
28 33
28 32
28 41
28 42
28 46
28 44
28 29
28 30
28 37
29 32
29 35
29 37
29 38
29 39
29 42
29 46
29 48
30 31
30 33
30 36
30 37
30 40
30 41
30 44
30 45
30 46
31 34
31 43
31 36
31 41
31 39
31 44
31 48
31 49
32 38
32 39
32 41
32 42
32 43
32 44
32 40
32 36
32 37
33 34
33 36
33 38
33 39
33 42
33 45
33 47
33 49
34 48
34 40
34 47
34 49
35 37
35 40
35 47
35 46
35 36
35 38
36 37
36 38
36 40
36 42
36 43
36 46
36 48
37 42
37 48
37 46
37 38
38 45
38 43
39 43
39 44
39 45
40 41
40 44
40 46
40 47
41 42
41 43
41 44
41 46
41 47
41 49
42 43
43 45
43 48
44 45
44 46
44 48
44 49
45 48
46 47
