0 33
0 59
0 5
0 6
0 7
0 42
0 39
0 13
0 46
0 15
0 19
0 20
0 22
0 57
0 52
0 26
0 54
0 30
0 37
1 32
1 35
1 10
1 11
1 44
1 15
1 16
1 17
1 19
1 43
1 23
1 28
1 31
2 32
2 33
2 37
2 39
2 9
2 43
2 45
2 46
2 15
2 23
2 56
2 27
2 29
2 31
3 35
3 36
3 39
3 41
3 13
3 47
3 16
3 49
3 50
3 51
3 9
3 58
3 59
3 28
3 31
4 38
4 6
4 39
4 42
4 43
4 14
4 47
4 18
4 21
4 22
4 57
4 54
4 29
5 48
5 35
5 10
5 55
5 12
5 45
5 46
5 16
5 17
5 19
5 53
5 23
6 37
6 8
6 57
6 43
6 44
6 13
6 46
6 47
6 48
6 18
6 21
6 55
6 25
6 26
6 27
6 36
7 33
7 34
7 49
7 40
7 41
7 10
7 55
7 12
7 47
7 44
7 17
7 51
7 20
7 54
7 23
7 52
7 27
8 36
8 38
8 39
8 40
8 9
8 44
8 46
8 48
8 18
8 19
8 24
8 29
9 11
9 13
9 18
9 19
9 22
9 24
9 29
9 31
9 32
9 34
9 41
9 42
9 44
9 46
9 49
9 51
9 52
9 55
9 58
10 59
10 41
10 39
10 13
10 18
10 19
10 21
10 22
10 23
10 27
10 30
10 53
11 34
11 49
11 38
11 23
11 58
11 44
11 13
11 31
12 34
12 35
12 36
12 40
12 47
12 45
12 53
12 15
12 48
12 18
12 20
12 21
12 25
12 26
12 27
12 29
12 30
12 52
13 48
13 34
13 36
13 16
13 50
13 19
13 55
13 25
13 29
14 33
14 34
14 54
14 40
14 57
14 47
14 16
14 50
14 51
14 53
14 22
14 23
14 24
14 25
14 26
14 28
14 58
14 31
15 35
15 36
15 37
15 33
15 40
15 41
15 50
15 52
15 53
15 24
15 57
15 26
15 59
15 31
16 32
16 33
16 41
16 39
16 56
16 35
16 21
16 22
16 24
16 26
16 54
17 35
17 46
17 48
17 50
17 53
17 55
17 26
17 27
17 30
18 34
18 39
18 48
18 49
18 21
18 56
18 42
18 30
18 53
19 20
19 24
19 26
19 28
19 31
19 33
19 35
19 36
19 37
19 38
19 39
19 46
19 51
19 54
19 56
19 58
20 33
20 34
20 37
20 43
20 45
20 53
20 55
20 26
20 27
21 58
21 36
21 45
21 52
22 51
22 52
22 57
22 24
22 36
22 58
22 27
22 42
22 30
22 31
23 41
23 39
23 45
23 49
23 50
23 52
23 53
23 57
23 29
23 37
24 32
24 51
24 40
24 43
24 44
24 41
24 26
24 58
24 30
25 32
25 37
25 39
25 41
25 46
25 45
25 48
25 51
25 57
25 59
25 28
26 34
26 37
26 47
26 43
26 45
26 27
26 28
27 59
27 49
27 43
27 50
27 55
27 56
27 57
27 54
27 28
27 58
28 38
28 39
28 43
28 48
28 59
28 50
28 53
28 54
29 38
29 43
29 47
29 57
29 58
30 33
30 34
30 35
30 36
30 40
30 41
30 43
30 53
30 57
30 59
31 58
32 40
32 49
32 38
32 45
32 47
33 40
33 42
33 43
33 45
33 55
34 36
34 37
34 44
34 49
34 51
34 53
34 39
34 52
35 36
35 38
35 42
35 43
36 37
36 39
36 44
36 43
36 48
36 55
36 38
37 38
37 42
37 43
37 54
37 59
38 42
38 45
38 48
38 43
38 52
38 58
39 48
39 49
39 40
39 56
39 59
40 45
40 50
40 57
41 45
41 46
41 51
41 52
41 57
41 59
42 44
42 47
42 51
42 55
42 54
43 57
43 55
44 49
44 53
44 58
45 46
45 56
45 59
46 51
46 55
46 47
46 50
46 58
47 55
47 59
48 55
49 50
49 52
50 58
50 53
51 58
52 59
53 57
53 58
54 56
