0 16
0 1
0 3
0 52
0 7
0 56
0 41
0 27
0 28
0 29
0 15
1 10
1 11
1 12
1 51
1 52
1 53
1 22
1 55
1 25
1 59
1 28
2 32
2 34
2 52
2 21
2 6
2 7
2 10
3 48
3 56
3 25
3 8
3 9
3 39
3 28
3 13
3 15
4 45
4 36
4 5
4 42
4 11
4 13
4 14
4 15
4 49
4 18
4 19
4 20
4 53
4 23
4 56
4 25
4 29
4 31
5 44
5 54
5 36
5 10
5 43
5 12
5 42
5 47
5 15
6 32
6 49
6 7
6 40
6 39
6 12
6 34
6 15
6 17
6 22
6 56
6 54
6 31
7 33
7 35
7 40
7 41
7 43
7 12
7 14
7 44
7 48
7 52
7 25
7 58
7 27
8 18
8 36
8 39
8 44
8 45
9 34
9 36
9 37
9 40
9 41
9 55
9 18
9 23
9 56
9 26
9 59
9 58
10 40
10 43
10 44
10 13
10 17
10 51
10 52
10 55
10 26
10 30
11 34
11 21
11 38
11 41
11 25
11 57
11 46
12 48
12 41
12 26
12 38
12 58
12 30
13 33
13 44
13 18
13 51
13 20
13 25
13 58
13 30
13 52
14 17
14 53
14 38
14 41
14 58
14 54
14 44
14 31
15 40
15 47
15 16
15 19
15 22
15 58
15 38
15 28
16 34
16 41
16 43
16 44
16 46
16 17
16 51
16 20
16 57
16 25
16 47
16 28
16 31
17 18
17 35
17 20
17 39
17 29
18 33
18 34
18 39
18 46
18 47
18 52
18 21
18 25
19 59
19 51
19 36
19 23
19 43
19 52
19 47
20 35
20 23
21 32
21 48
21 43
21 42
21 47
22 35
22 49
22 47
23 46
23 41
23 40
23 27
23 29
24 48
24 53
24 40
24 25
24 45
24 31
25 37
25 38
25 45
25 35
25 55
25 36
25 26
25 39
26 38
26 39
26 41
26 43
26 44
26 51
26 58
26 27
27 50
27 57
27 41
27 29
27 30
27 45
28 50
28 37
28 40
28 58
28 29
29 33
29 59
29 46
29 51
29 52
29 36
30 48
30 43
30 50
30 35
30 53
30 44
30 45
31 37
31 44
31 45
31 47
31 50
31 57
31 59
32 50
32 52
32 56
32 57
32 44
32 34
32 37
33 59
33 37
33 57
33 47
34 35
34 42
34 44
34 45
34 52
34 56
34 58
35 39
35 50
35 53
35 55
35 58
36 55
36 51
36 57
36 41
36 56
37 38
37 58
37 39
37 46
38 42
38 46
38 48
38 52
38 59
39 40
39 41
39 42
39 44
39 50
39 48
39 55
39 59
40 44
40 45
40 50
40 54
40 57
40 42
41 53
42 48
43 44
44 50
44 52
44 58
45 47
45 53
45 56
46 55
47 59
47 50
48 58
48 53
49 57
50 53
50 56
50 57
50 58
51 58
51 52
55 56
56 57
57 58
