0 3
0 8
0 10
0 12
0 15
0 16
0 17
0 18
0 19
0 20
0 22
0 23
0 24
0 30
0 32
0 38
0 39
0 41
0 49
0 52
0 56
0 58
1 4
1 5
1 6
1 9
1 12
1 15
1 16
1 22
1 25
1 26
1 27
1 30
1 35
1 37
1 39
1 40
1 48
1 49
1 50
1 51
1 53
1 54
1 56
1 57
2 51
2 49
2 36
2 37
2 6
2 7
2 8
2 41
2 11
2 14
2 40
2 50
2 19
2 20
2 21
2 54
2 26
2 29
2 30
2 31
3 32
3 35
3 4
3 37
3 38
3 40
3 10
3 44
3 46
3 47
3 8
3 50
3 52
3 53
3 55
3 57
3 26
4 6
4 10
4 11
4 19
4 23
4 24
4 27
4 28
4 31
4 33
4 35
4 36
4 37
4 40
4 41
4 43
4 50
4 53
4 57
4 59
5 34
5 35
5 36
5 38
5 6
5 7
5 8
5 9
5 10
5 43
5 44
5 15
5 40
5 23
5 24
5 57
5 42
6 7
6 9
6 10
6 15
6 16
6 18
6 19
6 21
6 22
6 23
6 24
6 25
6 27
6 29
6 32
6 34
6 36
6 40
6 44
6 48
6 49
6 50
6 53
6 58
7 9
7 11
7 14
7 17
7 20
7 23
7 24
7 25
7 28
7 30
7 31
7 32
7 34
7 35
7 36
7 41
7 42
7 45
7 47
7 51
7 52
7 54
7 56
7 58
7 59
8 9
8 12
8 13
8 16
8 19
8 24
8 25
8 28
8 30
8 32
8 33
8 34
8 37
8 39
8 44
8 45
8 46
8 53
8 59
9 12
9 17
9 18
9 19
9 20
9 31
9 32
9 37
9 39
9 41
9 45
9 48
9 50
9 53
9 54
9 56
9 57
9 58
9 59
10 12
10 14
10 15
10 16
10 18
10 19
10 23
10 24
10 25
10 26
10 28
10 31
10 33
10 37
10 40
10 41
10 42
10 46
10 47
10 51
10 52
10 56
10 57
11 59
11 38
11 40
11 41
11 43
11 34
11 13
11 48
11 18
11 53
11 23
11 45
11 25
11 26
11 15
11 28
12 13
12 14
12 15
12 17
12 18
12 23
12 25
12 26
12 33
12 40
12 41
12 44
12 45
12 46
12 47
12 48
12 49
12 51
12 52
12 53
13 33
13 35
13 39
13 41
13 42
13 44
13 59
13 18
13 21
13 22
13 23
13 56
13 55
13 58
13 47
13 29
13 53
14 58
14 33
14 59
14 37
14 38
14 47
14 34
14 46
14 15
14 53
14 51
14 21
14 22
14 26
14 27
14 42
14 31
15 16
15 17
15 26
15 27
15 29
15 32
15 37
15 41
15 42
15 43
15 46
15 48
15 52
15 54
15 57
16 35
16 38
16 32
16 43
16 49
16 53
16 20
16 21
16 22
16 23
16 58
16 47
16 28
16 42
16 31
17 25
17 26
17 27
17 28
17 29
17 32
17 38
17 39
17 40
17 41
17 44
17 45
17 46
17 48
17 49
17 50
17 51
17 57
17 59
18 20
18 23
18 24
18 26
18 27
18 29
18 30
18 31
18 32
18 33
18 35
18 37
18 39
18 41
18 43
18 44
18 47
18 48
18 49
18 51
18 52
18 53
19 21
19 24
19 26
19 28
19 29
19 40
19 41
19 44
19 45
19 46
19 50
19 52
19 53
19 55
19 56
20 21
20 22
20 23
20 26
20 27
20 31
20 35
20 37
20 41
20 42
20 43
20 46
20 48
20 52
20 55
20 57
20 58
21 35
21 34
21 54
21 40
21 42
21 43
21 22
21 25
21 27
21 30
21 51
22 25
22 26
22 31
22 34
22 38
22 39
22 43
22 44
22 50
22 53
22 54
22 55
22 56
22 57
22 58
23 24
23 25
23 31
23 37
23 39
23 40
23 41
23 48
23 49
23 52
23 54
23 55
24 25
24 27
24 28
24 30
24 31
24 32
24 35
24 36
24 37
24 41
24 50
24 51
24 52
24 55
24 56
25 30
25 31
25 35
25 37
25 38
25 41
25 45
25 46
25 48
25 49
25 50
25 52
25 54
25 55
25 57
25 59
26 27
26 28
26 29
26 32
26 37
26 38
26 42
26 43
26 48
26 49
26 51
26 54
26 55
26 56
27 28
27 31
27 33
27 35
27 38
27 40
27 44
27 45
27 49
27 52
27 55
28 32
28 34
28 37
28 38
28 39
28 41
28 43
28 45
28 46
28 49
28 56
28 57
29 32
29 33
29 35
29 38
29 45
29 46
29 48
29 47
29 58
29 51
30 37
30 40
30 57
30 45
30 48
30 52
30 55
30 56
30 58
30 53
31 34
31 37
31 40
31 41
31 46
31 47
31 48
31 49
31 54
31 55
31 58
32 33
32 35
32 43
32 47
32 48
32 49
32 50
32 52
32 54
33 59
33 37
33 44
33 45
33 48
33 49
33 42
33 46
33 56
33 57
33 53
34 38
34 42
34 45
34 39
34 54
35 36
35 40
35 41
35 43
35 45
35 46
35 51
35 52
35 55
35 59
36 40
36 41
36 43
36 45
36 56
36 50
36 51
36 52
36 58
37 38
37 42
37 44
37 45
37 46
37 51
37 52
37 54
37 56
37 57
37 58
38 39
38 41
38 44
38 46
38 48
38 49
38 56
38 59
39 49
39 55
39 44
39 51
39 40
39 57
39 58
40 42
40 44
40 47
40 51
40 52
40 53
40 58
40 59
41 44
41 48
41 49
41 51
41 54
41 55
41 58
42 45
42 49
42 55
42 56
42 52
42 53
43 54
43 44
43 59
43 51
43 47
44 45
44 46
44 47
44 48
44 53
44 55
44 56
44 58
44 59
45 47
45 54
45 57
46 47
46 48
46 50
46 52
46 53
46 56
46 58
47 48
47 50
47 52
47 54
47 55
47 58
48 49
48 50
48 52
48 53
48 54
48 57
49 50
49 53
49 58
49 59
50 52
50 55
50 56
50 57
50 58
51 52
51 54
51 56
51 59
52 53
52 55
52 56
52 57
52 58
52 59
53 54
53 57
53 58
54 56
54 58
55 56
55 59
56 57
57 59
