0 32
0 25
0 34
0 27
0 41
1 8
1 57
1 3
1 31
2 25
2 29
2 14
2 6
2 23
3 51
3 52
3 21
3 56
3 58
3 13
4 16
4 42
4 31
4 38
4 15
5 34
5 6
5 39
5 56
5 9
5 23
5 47
6 41
6 9
6 10
6 42
6 37
7 44
7 21
7 29
8 32
8 46
8 22
8 28
8 42
8 54
8 12
8 45
8 14
8 31
9 17
9 51
9 49
9 58
9 55
10 49
10 50
10 51
10 23
10 11
11 32
11 51
11 50
11 19
11 37
11 44
11 29
12 34
12 28
13 16
13 58
13 21
13 23
13 25
13 41
13 29
14 48
14 33
14 37
14 22
14 26
14 15
15 59
15 55
16 49
16 59
17 49
17 52
17 21
17 22
17 59
17 53
18 54
18 30
19 56
19 26
19 34
19 53
20 55
20 23
21 57
21 31
22 32
22 56
22 54
22 55
23 32
23 42
23 40
23 52
23 30
24 25
24 26
24 52
24 58
24 30
25 38
26 34
26 36
26 46
26 54
26 55
26 52
26 57
26 58
27 57
27 51
27 44
27 29
28 48
28 34
28 41
28 30
28 31
29 35
30 32
30 59
30 55
31 40
31 36
31 47
32 45
33 49
33 38
33 53
34 56
34 59
35 59
35 54
36 49
36 37
36 38
37 54
37 55
37 44
38 40
38 58
38 45
39 58
39 51
39 52
39 55
40 48
40 52
40 44
40 46
41 52
41 44
41 45
43 49
43 50
43 51
43 54
44 52
45 52
45 53
47 52
48 52
48 50
50 54
50 55
51 57
53 56
