0 48
0 17
0 67
0 20
0 5
0 22
0 25
0 9
0 27
0 52
1 32
1 40
1 34
1 67
1 7
1 24
1 62
2 35
2 36
2 62
2 56
2 28
2 30
3 44
3 12
3 21
3 14
3 15
4 56
4 34
4 20
4 53
4 7
4 24
4 41
4 47
5 16
5 18
5 58
5 52
5 66
5 57
5 42
5 27
5 29
6 43
6 52
6 62
6 39
7 68
7 66
7 67
7 46
7 41
7 13
7 14
8 56
8 37
8 46
8 62
8 42
8 27
8 13
8 14
8 21
9 34
9 66
9 22
9 38
9 61
9 43
9 50
9 15
10 17
10 18
10 36
10 46
10 22
10 33
10 40
10 68
10 14
10 69
11 25
11 12
11 29
11 46
11 63
12 50
12 18
12 36
12 22
12 67
12 25
12 29
12 62
13 18
13 58
13 20
13 46
13 54
13 26
13 62
13 29
13 14
14 65
14 66
14 69
14 15
14 57
14 58
14 30
15 64
15 35
15 37
15 39
15 24
15 42
15 28
16 17
16 50
16 35
16 22
17 20
17 21
17 41
17 36
17 43
17 63
17 52
18 51
18 45
19 32
19 62
19 37
19 38
19 45
20 66
20 39
21 32
21 48
21 55
21 42
21 43
21 29
22 49
22 61
23 50
23 43
23 66
23 25
23 27
23 61
24 26
24 25
25 50
25 62
25 44
25 29
25 55
25 63
26 68
26 69
26 38
26 41
26 63
26 44
26 31
27 53
27 29
27 31
28 67
28 36
28 53
28 58
28 63
28 34
29 59
29 57
29 46
29 30
30 64
30 54
30 50
31 48
31 51
31 59
31 43
31 42
32 49
33 43
33 36
33 54
34 64
34 62
35 68
35 41
35 43
36 57
36 43
37 40
37 65
37 42
38 69
38 55
39 59
39 58
39 62
39 47
40 50
40 57
40 44
40 46
40 47
41 64
41 67
41 65
41 45
43 66
43 49
43 68
43 62
44 54
44 61
44 63
45 60
45 47
47 64
47 60
48 64
48 62
49 50
49 52
49 56
49 57
50 68
50 62
52 67
53 62
53 59
54 66
55 64
55 65
57 59
58 65
58 67
58 59
58 63
62 67
62 66
64 66
67 68
