0 1
0 3
0 4
0 33
0 42
0 7
0 49
0 51
0 54
0 56
0 25
0 61
0 62
0 36
1 65
1 66
1 4
1 69
1 8
1 11
1 15
1 18
1 22
1 25
1 26
1 27
1 29
1 33
1 35
1 36
1 39
1 42
1 52
1 55
1 57
1 58
2 3
2 4
2 5
2 38
2 7
2 41
2 43
2 60
2 20
2 21
2 23
2 52
2 28
2 29
2 62
2 53
3 32
3 68
3 54
3 65
3 40
3 42
3 12
3 13
3 15
3 51
3 20
3 22
3 24
3 25
3 27
3 31
4 35
4 66
4 37
4 38
4 33
4 10
4 39
4 34
4 45
4 51
4 20
4 53
4 26
4 63
4 69
4 31
5 33
5 68
5 40
5 9
5 13
5 45
5 47
5 17
5 18
5 57
5 54
5 55
5 25
5 30
5 63
6 33
6 7
6 42
6 44
6 46
6 15
6 17
6 51
6 20
6 53
6 22
6 57
6 26
6 28
6 31
7 65
7 35
7 37
7 54
7 41
7 43
7 66
7 14
7 17
7 20
7 22
7 57
7 27
7 29
7 30
7 63
8 68
8 26
8 56
8 40
8 33
8 23
8 24
8 25
8 10
8 13
9 32
9 64
9 34
9 67
9 68
9 65
9 42
9 44
9 45
9 47
9 16
9 52
9 56
9 26
9 31
10 69
10 38
10 43
10 19
10 20
10 54
10 24
10 25
10 61
10 52
11 64
11 65
11 67
11 36
11 38
11 33
11 41
11 13
11 60
11 18
11 51
11 20
11 28
11 61
11 62
11 31
12 17
12 65
12 37
12 22
12 39
12 49
12 44
12 53
12 15
13 33
13 34
13 68
13 41
13 42
13 15
13 48
13 49
13 50
13 52
13 22
13 57
13 69
13 63
14 19
14 64
14 68
14 40
14 48
14 51
14 52
14 21
14 54
14 60
14 29
14 30
14 31
15 38
15 39
15 43
15 48
15 49
15 67
15 52
15 56
15 57
15 61
15 30
16 65
16 67
16 36
16 37
16 44
16 18
16 51
16 20
16 22
16 57
16 28
17 65
17 67
17 19
17 20
17 29
17 31
17 33
17 35
17 38
17 41
17 42
17 43
17 44
17 45
17 48
17 50
17 51
17 57
17 58
17 59
17 61
18 58
18 68
18 65
18 48
18 42
18 46
18 47
18 49
18 19
18 20
18 23
18 24
18 56
18 28
18 29
18 31
19 65
19 24
19 25
19 26
19 28
19 29
19 31
19 35
19 36
19 37
19 38
19 40
19 46
19 47
19 49
19 52
19 58
19 62
20 66
20 33
20 45
20 47
20 35
20 48
20 22
20 25
20 27
20 65
20 53
21 59
21 35
21 37
21 39
21 24
21 46
21 27
21 45
22 23
22 28
22 30
22 32
22 33
22 35
22 38
22 41
22 47
22 49
22 50
22 54
22 55
22 59
22 62
22 65
23 45
23 44
23 34
23 46
23 47
23 51
23 24
23 30
24 64
24 65
24 67
24 26
24 29
24 32
24 34
24 39
24 43
24 48
24 50
24 52
24 59
24 60
24 63
25 49
25 59
25 56
25 57
25 26
25 27
25 60
25 61
25 69
26 64
26 68
26 30
26 31
26 32
26 35
26 37
26 39
26 40
26 43
26 44
26 48
26 49
26 52
26 53
26 59
26 60
26 63
27 64
27 68
27 69
27 67
27 28
27 34
27 35
27 37
27 38
27 44
27 49
27 51
27 52
27 55
27 57
27 60
27 61
28 64
28 51
28 43
28 38
28 40
28 66
28 47
28 49
28 61
29 32
29 67
29 69
29 64
29 50
29 47
29 56
29 30
29 31
30 33
30 34
30 65
30 40
30 41
30 39
30 45
30 48
30 49
30 58
30 46
30 54
30 62
31 64
31 66
31 68
31 32
31 67
31 38
31 39
31 45
31 47
31 50
31 52
31 55
32 64
32 34
32 36
32 43
32 44
32 66
32 46
32 61
33 35
33 49
33 48
33 50
33 51
33 55
33 56
33 52
33 68
34 65
34 35
34 39
34 44
34 45
34 67
34 52
34 62
35 67
35 69
35 68
35 38
35 39
35 45
35 49
35 54
35 55
35 59
36 67
36 43
36 48
36 37
36 65
36 40
36 45
36 46
36 47
36 54
36 55
36 56
36 58
36 63
37 65
37 67
37 42
37 45
37 46
37 50
37 56
37 60
37 58
38 65
38 63
38 59
38 66
38 67
39 69
39 62
39 45
39 56
39 50
39 54
39 57
39 59
40 64
40 51
40 67
40 48
40 50
40 52
40 54
40 58
40 69
41 64
41 65
41 69
41 49
41 42
41 47
41 48
41 51
41 52
41 55
41 59
41 60
41 61
42 66
42 55
42 57
42 59
42 60
42 63
43 69
43 66
43 56
43 58
44 59
44 49
44 66
44 54
44 57
44 58
45 65
45 46
45 49
45 54
45 55
45 57
45 58
45 60
46 65
46 50
46 48
46 52
46 57
47 62
48 69
48 65
48 49
48 51
48 52
48 60
49 66
49 68
49 55
49 56
49 57
49 58
50 65
50 53
50 69
50 57
50 62
51 68
51 55
51 58
51 61
51 62
51 63
52 64
52 67
52 68
52 65
52 53
52 55
52 61
53 64
53 65
53 66
53 54
53 55
53 68
53 61
53 63
54 62
54 57
54 61
55 63
55 59
55 69
55 57
55 62
56 57
56 60
56 69
57 66
57 67
57 59
57 63
58 66
58 68
59 68
59 60
59 61
60 66
60 61
61 67
61 69
62 67
62 64
62 63
64 66
64 69
66 67
66 68
67 68
