0 1
0 2
0 5
0 6
0 8
0 9
0 11
0 15
0 16
0 18
0 19
0 22
0 23
0 27
0 29
0 69
0 32
0 34
0 35
0 36
0 38
0 40
0 41
0 42
0 43
0 45
0 46
0 48
0 52
0 54
0 55
0 58
0 59
0 60
1 64
1 68
1 7
1 9
1 11
1 12
1 13
1 14
1 16
1 18
1 21
1 22
1 23
1 24
1 26
1 29
1 34
1 35
1 36
1 37
1 65
1 41
1 42
1 43
1 46
1 47
1 48
1 49
1 50
1 51
1 53
1 54
1 55
1 56
1 61
2 64
2 3
2 6
2 65
2 8
2 9
2 11
2 14
2 15
2 19
2 31
2 32
2 67
2 35
2 36
2 37
2 38
2 39
2 43
2 45
2 47
2 48
2 51
2 56
2 57
2 58
2 59
2 62
3 65
3 4
3 6
3 8
3 11
3 12
3 13
3 14
3 15
3 20
3 21
3 23
3 68
3 28
3 32
3 33
3 35
3 37
3 40
3 41
3 66
3 45
3 47
3 48
3 49
3 51
3 53
3 55
3 56
3 57
3 60
3 61
3 62
3 63
4 66
4 69
4 9
4 12
4 14
4 15
4 16
4 17
4 19
4 20
4 21
4 24
4 27
4 29
4 30
4 32
4 33
4 34
4 36
4 37
4 39
4 40
4 42
4 43
4 44
4 45
4 46
4 47
4 48
4 49
4 50
4 51
4 52
4 55
4 57
4 58
4 59
4 60
4 61
4 62
4 63
5 65
5 66
5 67
5 16
5 18
5 19
5 20
5 24
5 25
5 29
5 34
5 37
5 41
5 44
5 45
5 46
5 47
5 48
5 50
5 51
5 52
5 55
5 56
5 57
5 58
5 59
5 60
5 62
6 64
6 7
6 8
6 9
6 66
6 14
6 15
6 20
6 22
6 24
6 26
6 27
6 29
6 30
6 31
6 33
6 37
6 65
6 41
6 43
6 44
6 45
6 46
6 47
6 48
6 49
6 50
6 51
6 52
6 53
6 54
6 57
6 58
6 62
6 63
7 67
7 69
7 65
7 10
7 12
7 15
7 16
7 18
7 19
7 22
7 24
7 25
7 27
7 28
7 30
7 31
7 32
7 33
7 35
7 36
7 40
7 41
7 42
7 43
7 44
7 46
7 47
7 49
7 53
7 56
7 60
7 61
7 62
7 63
8 64
8 68
8 69
8 65
8 9
8 12
8 66
8 17
8 18
8 19
8 20
8 21
8 23
8 31
8 32
8 34
8 35
8 36
8 37
8 38
8 39
8 40
8 41
8 43
8 48
8 49
8 51
8 53
8 55
8 56
8 57
8 58
9 65
9 12
9 13
9 20
9 21
9 25
9 26
9 68
9 29
9 30
9 31
9 32
9 33
9 36
9 37
9 38
9 40
9 41
9 42
9 43
9 45
9 47
9 49
9 51
9 53
9 54
9 55
9 58
9 59
9 62
10 64
10 67
10 68
10 11
10 14
10 17
10 18
10 19
10 22
10 24
10 26
10 27
10 29
10 30
10 32
10 33
10 39
10 41
10 47
10 50
10 51
10 57
10 61
10 63
11 12
11 13
11 16
11 19
11 20
11 22
11 23
11 27
11 31
11 35
11 39
11 40
11 41
11 42
11 44
11 45
11 46
11 47
11 48
11 49
11 50
11 52
11 53
11 55
11 57
11 58
11 60
11 63
12 13
12 16
12 17
12 18
12 20
12 23
12 25
12 26
12 29
12 32
12 33
12 35
12 36
12 37
12 38
12 41
12 44
12 45
12 47
12 48
12 49
12 52
12 53
12 54
12 56
12 57
12 58
12 61
13 64
13 68
13 69
13 65
13 14
13 18
13 20
13 21
13 25
13 26
13 28
13 30
13 31
13 36
13 37
13 38
13 40
13 44
13 46
13 47
13 48
13 49
13 50
13 51
13 53
13 55
13 57
13 59
13 60
13 61
13 62
13 63
14 69
14 65
14 15
14 16
14 17
14 18
14 22
14 25
14 27
14 33
14 35
14 36
14 38
14 39
14 40
14 41
14 44
14 47
14 48
14 49
14 54
14 56
15 68
15 69
15 66
15 17
15 19
15 22
15 23
15 25
15 26
15 28
15 67
15 35
15 38
15 39
15 40
15 41
15 42
15 46
15 48
15 50
15 53
15 54
15 56
15 57
15 59
15 61
16 66
16 18
16 20
16 22
16 24
16 25
16 26
16 27
16 29
16 30
16 69
16 33
16 34
16 38
16 40
16 41
16 42
16 43
16 50
16 52
16 56
16 65
17 64
17 69
17 19
17 20
17 21
17 22
17 23
17 68
17 26
17 27
17 30
17 32
17 34
17 36
17 46
17 47
17 49
17 51
17 56
17 57
17 58
17 59
17 60
17 63
18 66
18 67
18 68
18 19
18 20
18 23
18 24
18 27
18 28
18 29
18 69
18 31
18 32
18 34
18 35
18 37
18 38
18 39
18 40
18 42
18 44
18 46
18 48
18 51
18 53
18 55
18 56
18 57
18 58
18 59
18 65
18 61
18 63
19 64
19 20
19 21
19 22
19 23
19 27
19 28
19 29
19 30
19 32
19 34
19 36
19 38
19 40
19 42
19 43
19 48
19 49
19 51
19 53
19 56
19 57
19 58
19 60
19 61
19 62
19 65
20 68
20 65
20 66
20 21
20 24
20 25
20 30
20 69
20 32
20 34
20 39
20 40
20 41
20 43
20 45
20 46
20 47
20 49
20 51
20 53
20 54
20 55
20 58
20 59
20 60
21 64
21 69
21 68
21 65
21 22
21 24
21 25
21 26
21 29
21 30
21 31
21 32
21 67
21 36
21 37
21 38
21 39
21 42
21 43
21 48
21 49
21 51
21 52
21 53
21 54
21 55
21 56
21 57
21 58
21 59
21 60
21 61
21 63
22 68
22 23
22 24
22 27
22 28
22 29
22 30
22 31
22 32
22 36
22 37
22 65
22 39
22 41
22 45
22 47
22 49
22 50
22 51
22 53
22 55
22 56
22 58
22 59
22 60
22 61
22 62
23 66
23 65
23 25
23 26
23 29
23 30
23 31
23 33
23 34
23 36
23 39
23 40
23 43
23 44
23 46
23 47
23 48
23 49
23 50
23 51
23 52
23 54
23 56
23 58
23 61
23 62
24 68
24 27
24 28
24 29
24 31
24 32
24 36
24 65
24 42
24 43
24 44
24 48
24 49
24 50
24 53
24 56
24 57
24 58
24 59
24 61
24 62
25 64
25 66
25 68
25 27
25 30
25 31
25 32
25 36
25 39
25 41
25 45
25 47
25 49
25 52
25 54
25 55
25 59
25 60
26 67
26 69
26 65
26 31
26 32
26 33
26 34
26 36
26 38
26 39
26 40
26 41
26 44
26 45
26 46
26 47
26 48
26 50
26 51
26 53
26 55
26 56
26 59
26 61
27 64
27 66
27 30
27 68
27 34
27 36
27 38
27 40
27 41
27 42
27 45
27 46
27 49
27 50
27 56
27 57
27 58
28 66
28 68
28 69
28 31
28 32
28 33
28 67
28 35
28 37
28 39
28 40
28 41
28 42
28 43
28 44
28 45
28 47
28 48
28 49
28 52
28 54
28 56
28 59
28 61
28 62
28 63
29 66
29 68
29 30
29 31
29 33
29 34
29 36
29 37
29 38
29 41
29 45
29 47
29 50
29 53
29 55
29 56
29 57
29 59
30 64
30 68
30 66
30 32
30 33
30 35
30 36
30 37
30 39
30 40
30 41
30 43
30 44
30 45
30 49
30 50
30 51
30 52
30 56
30 57
30 61
30 63
31 69
31 38
31 40
31 43
31 45
31 46
31 47
31 50
31 51
31 52
31 54
31 55
31 57
31 58
31 59
32 64
32 33
32 34
32 38
32 41
32 43
32 44
32 45
32 46
32 47
32 48
32 50
32 51
32 55
32 67
32 58
32 60
32 65
33 69
33 67
33 68
33 36
33 37
33 38
33 44
33 46
33 49
33 51
33 52
33 55
33 57
33 58
33 60
33 63
34 66
34 65
34 38
34 64
34 43
34 51
34 53
34 55
34 56
34 59
34 60
34 61
34 63
35 36
35 65
35 39
35 40
35 43
35 44
35 45
35 48
35 52
35 54
35 58
35 60
35 61
35 62
35 63
36 69
36 68
36 39
36 40
36 43
36 44
36 45
36 49
36 51
36 54
36 55
36 57
36 59
36 60
36 61
36 62
36 63
37 64
37 65
37 66
37 69
37 67
37 38
37 40
37 41
37 42
37 46
37 47
37 49
37 50
37 54
37 57
37 58
37 60
37 62
38 66
38 69
38 41
38 43
38 44
38 45
38 46
38 48
38 49
38 50
38 51
38 53
38 54
38 56
38 57
38 59
38 62
39 68
39 67
39 41
39 44
39 45
39 46
39 49
39 53
39 54
39 56
39 58
39 63
40 64
40 69
40 68
40 67
40 65
40 41
40 43
40 44
40 47
40 49
40 50
40 54
40 55
40 56
40 58
40 59
40 61
40 62
41 66
41 64
41 65
41 46
41 49
41 50
41 52
41 55
41 56
41 57
41 58
41 60
41 61
41 62
41 63
42 67
42 69
42 64
42 68
42 65
42 44
42 45
42 46
42 53
42 58
42 61
42 62
42 63
43 69
43 66
43 68
43 64
43 44
43 45
43 46
43 47
43 48
43 49
43 50
43 51
43 52
43 53
43 54
43 60
43 62
43 65
44 66
44 68
44 48
44 49
44 51
44 52
44 54
44 56
44 58
44 59
44 61
44 63
45 68
45 67
45 48
45 50
45 51
45 52
45 53
45 56
45 57
45 62
45 63
46 66
46 64
46 69
46 47
46 48
46 50
46 51
46 54
46 55
46 56
46 60
46 65
47 64
47 67
47 66
47 69
47 50
47 52
47 53
47 68
47 58
47 59
47 61
47 62
47 63
48 69
48 67
48 49
48 50
48 52
48 54
48 55
48 56
48 57
48 59
48 60
48 62
48 63
49 50
49 51
49 53
49 55
49 56
49 57
49 58
49 59
49 62
49 63
49 64
49 66
49 67
50 67
50 65
50 68
50 52
50 55
50 57
50 58
50 61
50 62
51 64
51 65
51 69
51 52
51 55
51 57
51 59
51 61
51 62
51 63
52 65
52 66
52 67
52 68
52 56
52 58
52 60
52 62
52 63
53 68
53 54
53 56
53 67
53 59
53 60
53 61
53 62
54 68
54 69
54 65
54 56
54 57
54 59
54 62
54 63
55 66
55 68
55 64
55 67
55 69
55 58
55 59
55 61
55 62
56 68
56 66
56 65
56 57
56 60
56 63
57 65
57 69
57 66
57 58
57 59
57 60
57 61
57 62
58 64
58 59
58 60
58 61
58 62
58 63
59 64
59 68
59 65
59 61
59 62
60 64
60 68
60 67
60 65
60 62
61 64
61 66
61 69
61 65
62 64
62 65
62 66
63 69
64 65
65 66
65 68
66 68
66 69
67 68
68 69
