0 1
0 2
0 4
0 65
0 9
0 13
0 14
0 15
0 17
0 18
0 66
0 23
0 24
0 68
0 26
0 27
0 29
0 31
0 32
0 34
0 35
0 37
0 38
0 47
0 53
0 57
0 59
1 65
1 66
1 5
1 8
1 11
1 14
1 16
1 18
1 19
1 21
1 22
1 23
1 24
1 28
1 29
1 32
1 36
1 45
1 47
1 52
1 55
1 60
1 63
2 64
2 4
2 69
2 7
2 10
2 22
2 23
2 24
2 68
2 26
2 27
2 28
2 29
2 32
2 33
2 35
2 36
2 37
2 38
2 48
2 51
2 54
2 55
2 56
2 59
2 60
2 62
2 63
3 65
3 66
3 67
3 4
3 8
3 9
3 14
3 15
3 16
3 18
3 20
3 21
3 25
3 26
3 28
3 34
3 35
3 37
3 38
3 43
3 44
3 45
3 46
3 47
3 54
3 55
3 56
3 57
4 68
4 6
4 8
4 10
4 15
4 16
4 18
4 19
4 20
4 21
4 23
4 26
4 32
4 33
4 36
4 39
4 47
4 48
4 49
4 50
4 60
4 61
4 63
5 66
5 68
5 69
5 65
5 13
5 15
5 17
5 19
5 24
5 27
5 31
5 32
5 34
5 36
5 38
5 39
5 40
5 44
5 46
5 49
5 50
5 52
5 53
5 54
5 56
5 58
5 61
6 64
6 7
6 8
6 9
6 11
6 12
6 13
6 19
6 20
6 68
6 28
6 29
6 30
6 32
6 36
6 38
6 42
6 43
6 49
6 52
6 53
6 54
6 60
6 61
7 68
7 8
7 9
7 10
7 11
7 12
7 14
7 17
7 18
7 19
7 25
7 27
7 31
7 34
7 37
7 40
7 42
7 44
7 45
7 50
7 51
7 53
7 56
7 58
7 59
7 61
7 62
8 66
8 9
8 10
8 11
8 12
8 13
8 15
8 16
8 67
8 22
8 23
8 26
8 27
8 28
8 36
8 38
8 46
8 49
8 52
8 53
8 56
8 62
9 64
9 66
9 68
9 69
9 10
9 11
9 13
9 15
9 19
9 21
9 25
9 26
9 32
9 33
9 36
9 37
9 40
9 43
9 46
9 55
9 56
9 57
9 60
9 61
9 63
10 69
10 11
10 13
10 17
10 18
10 66
10 21
10 27
10 30
10 32
10 33
10 34
10 35
10 36
10 39
10 41
10 42
10 45
10 49
10 50
10 53
10 54
10 57
10 58
11 64
11 67
11 69
11 19
11 22
11 24
11 25
11 26
11 27
11 29
11 32
11 33
11 34
11 35
11 38
11 43
11 51
11 55
11 60
11 61
11 62
11 63
12 13
12 15
12 18
12 20
12 21
12 25
12 28
12 29
12 30
12 31
12 34
12 39
12 40
12 43
12 44
12 45
12 46
12 47
12 49
12 50
12 53
12 60
12 61
12 63
13 65
13 66
13 14
13 17
13 18
13 21
13 25
13 28
13 31
13 32
13 39
13 40
13 44
13 46
13 50
13 52
13 54
13 62
13 63
14 66
14 69
14 19
14 21
14 22
14 25
14 26
14 28
14 32
14 67
14 35
14 41
14 43
14 44
14 49
14 50
14 52
14 55
14 56
14 59
14 61
14 63
15 65
15 66
15 17
15 19
15 22
15 23
15 24
15 26
15 27
15 29
15 30
15 67
15 36
15 39
15 43
15 45
15 51
15 52
15 53
15 55
15 56
15 59
16 64
16 34
16 37
16 60
16 44
16 66
16 46
16 47
16 49
16 18
16 20
16 54
16 24
16 28
16 29
16 30
16 31
17 68
17 19
17 20
17 29
17 30
17 69
17 32
17 33
17 35
17 37
17 39
17 41
17 43
17 45
17 47
17 48
17 49
17 50
17 52
17 53
17 56
17 60
17 63
18 66
18 69
18 64
18 67
18 21
18 68
18 28
18 31
18 34
18 40
18 43
18 46
18 47
18 48
18 49
18 50
18 51
18 52
18 53
18 54
18 59
18 60
18 61
18 62
19 64
19 67
19 22
19 23
19 24
19 25
19 26
19 27
19 28
19 29
19 69
19 35
19 37
19 38
19 42
19 43
19 44
19 47
19 50
19 55
19 58
19 60
19 65
20 65
20 69
20 67
20 21
20 22
20 23
20 27
20 29
20 31
20 32
20 33
20 35
20 37
20 41
20 42
20 43
20 44
20 45
20 49
20 52
20 53
20 54
20 57
20 59
20 60
21 64
21 66
21 69
21 23
21 26
21 28
21 30
21 32
21 33
21 34
21 39
21 45
21 49
21 50
21 53
21 54
21 63
22 64
22 66
22 24
22 26
22 27
22 28
22 29
22 30
22 31
22 34
22 35
22 36
22 38
22 40
22 43
22 44
22 50
22 51
22 52
22 57
22 61
22 62
23 59
23 33
23 65
23 32
23 41
23 43
23 40
23 36
23 27
23 62
23 69
24 67
24 64
24 66
24 29
24 30
24 33
24 35
24 36
24 37
24 38
24 40
24 46
24 47
24 48
24 49
24 50
24 51
24 53
24 58
24 59
24 61
24 62
24 63
25 64
25 65
25 66
25 69
25 26
25 28
25 33
25 34
25 35
25 37
25 41
25 42
25 67
25 45
25 46
25 47
25 48
25 50
25 52
25 53
25 55
25 56
25 59
25 62
26 65
26 28
26 31
26 32
26 33
26 34
26 36
26 37
26 39
26 40
26 43
26 50
26 55
26 56
26 57
26 59
27 65
27 67
27 66
27 28
27 30
27 69
27 33
27 36
27 38
27 44
27 45
27 47
27 48
27 49
28 68
28 66
28 69
28 65
28 29
28 34
28 35
28 36
28 37
28 40
28 42
28 67
28 48
28 55
28 58
28 59
28 61
28 62
28 63
29 69
29 65
29 64
29 31
29 32
29 37
29 38
29 39
29 40
29 42
29 47
29 49
29 51
29 52
29 53
29 54
29 55
29 59
29 60
29 61
29 63
30 64
30 65
30 66
30 68
30 31
30 33
30 37
30 39
30 45
30 50
30 58
30 59
30 60
30 61
30 62
31 65
31 67
31 68
31 69
31 32
31 36
31 37
31 39
31 40
31 41
31 42
31 45
31 47
31 48
31 54
31 58
31 60
31 61
31 62
32 67
32 66
32 68
32 34
32 41
32 42
32 45
32 47
32 48
32 53
32 57
32 58
32 60
32 62
33 64
33 68
33 36
33 39
33 40
33 41
33 42
33 43
33 46
33 52
33 53
33 55
33 57
33 63
34 64
34 67
34 69
34 36
34 38
34 40
34 47
34 49
34 50
34 52
34 54
34 55
34 56
34 59
34 63
35 64
35 68
35 69
35 65
35 66
35 39
35 42
35 44
35 45
35 49
35 50
35 51
35 52
35 58
35 59
35 60
36 67
36 66
36 38
36 39
36 42
36 43
36 46
36 49
36 52
36 56
36 59
36 60
36 61
36 62
37 65
37 39
37 42
37 43
37 46
37 47
37 49
37 57
37 61
37 62
37 63
38 64
38 65
38 69
38 67
38 48
38 49
38 50
38 52
38 54
38 55
38 57
38 59
38 63
39 67
39 43
39 44
39 45
39 47
39 48
39 52
39 54
39 57
39 60
39 61
39 63
40 65
40 68
40 46
40 48
40 49
40 50
40 52
40 59
40 61
40 62
40 63
41 65
41 43
41 46
41 48
41 57
41 54
41 60
41 53
42 64
42 65
42 66
42 67
42 69
42 46
42 51
42 52
42 53
42 56
42 58
43 65
43 66
43 46
43 49
43 51
43 53
43 54
43 60
44 65
44 66
44 69
44 67
44 45
44 46
44 47
44 49
44 50
44 51
44 52
44 54
44 55
44 56
44 58
44 60
44 61
45 66
45 69
45 67
45 46
45 58
45 61
45 62
46 64
46 65
46 68
46 69
46 49
46 52
46 53
46 57
46 61
46 62
46 63
47 66
47 68
47 64
47 48
47 50
47 51
47 52
47 56
47 57
47 59
47 62
48 64
48 67
48 69
48 66
48 51
48 52
48 55
48 56
48 57
48 60
48 62
48 63
49 64
49 68
49 50
49 51
49 52
49 53
49 57
49 58
49 59
49 63
50 68
50 51
50 52
50 54
50 55
50 56
50 57
50 58
50 59
50 60
50 61
50 63
51 64
51 65
51 68
51 66
51 52
51 53
51 54
51 55
51 57
51 59
51 62
51 63
52 66
52 67
52 53
52 58
52 60
52 62
52 63
53 65
53 68
53 69
53 55
53 57
53 61
53 63
54 55
54 61
54 63
55 68
55 66
55 58
55 61
55 63
56 68
56 67
57 65
57 66
57 68
57 69
57 58
57 62
57 63
58 65
58 68
58 69
58 61
58 63
59 64
59 68
59 69
60 69
60 62
61 66
61 62
61 63
62 66
62 63
63 64
63 67
63 66
64 65
64 66
65 69
66 69
67 68
68 69
