0 16
0 34
0 20
0 63
0 7
0 36
0 66
0 39
0 50
0 14
0 47
1 32
1 45
1 36
1 53
1 41
1 25
1 69
1 12
1 29
1 14
1 44
2 17
2 34
2 35
2 68
2 6
2 23
2 25
2 42
2 60
2 65
2 51
3 37
3 39
3 8
3 60
3 50
3 18
3 23
3 24
3 25
3 59
3 28
3 62
3 63
4 64
4 34
4 52
4 21
4 38
4 55
4 56
4 11
4 29
4 69
4 63
5 38
5 39
5 41
5 12
5 45
5 14
5 50
5 20
5 53
5 9
5 56
5 25
5 58
5 59
5 63
6 48
6 68
6 62
6 40
6 26
6 29
6 14
6 63
7 43
7 54
7 39
7 40
7 41
7 11
7 50
7 60
7 48
7 17
7 18
7 52
7 62
7 8
7 23
7 56
7 28
7 30
8 32
8 33
8 9
8 43
8 13
8 47
8 50
8 18
8 51
8 39
8 58
8 27
8 60
8 63
9 11
9 43
9 44
9 14
9 17
9 67
9 55
9 24
9 58
9 61
9 30
10 32
10 64
10 68
10 36
10 69
10 38
10 65
10 55
10 44
10 45
10 48
10 49
10 54
10 23
10 24
10 25
10 27
10 28
10 29
10 63
11 59
11 12
11 46
11 47
11 48
11 17
11 50
11 53
11 23
11 24
11 36
11 27
12 64
12 34
12 41
12 13
12 49
12 50
12 19
12 53
12 28
12 63
13 66
13 37
13 42
13 45
13 49
13 50
13 21
13 28
13 69
13 63
14 66
14 65
14 61
14 22
14 55
14 56
14 59
14 29
14 62
15 56
15 18
15 35
15 38
15 55
15 40
15 57
15 58
15 61
15 34
15 47
16 33
16 66
16 36
16 69
16 41
16 42
16 46
16 23
16 24
16 68
16 62
17 32
17 64
17 35
17 36
17 34
17 50
17 18
17 51
17 55
17 24
17 26
18 58
18 66
18 37
18 41
18 19
18 53
18 22
18 24
18 26
18 54
18 60
18 29
19 64
19 33
19 34
19 69
19 40
19 63
19 61
19 51
19 55
19 57
19 27
19 60
19 29
19 31
20 33
20 49
20 60
20 44
20 45
20 61
21 48
21 37
21 69
21 24
21 42
21 60
21 30
21 53
22 46
22 43
22 29
22 30
23 32
23 33
23 64
23 41
23 47
23 52
23 55
23 58
24 48
24 68
24 37
24 49
24 44
24 46
24 55
24 26
24 59
24 69
24 31
25 41
25 43
25 44
25 45
25 49
25 35
25 57
25 26
25 29
25 31
26 35
26 68
26 38
26 33
26 43
26 55
27 33
27 34
27 37
27 51
27 41
27 66
27 46
27 48
27 54
27 60
27 42
27 30
28 66
28 52
28 53
28 41
28 55
28 62
29 68
29 34
29 33
29 41
29 39
29 45
29 46
29 57
29 58
29 63
29 42
29 36
30 48
30 49
30 34
30 36
30 42
30 69
31 33
31 54
31 58
31 61
31 46
32 66
32 37
32 33
32 40
32 41
32 43
32 50
32 55
32 59
32 60
32 42
33 48
33 35
33 36
33 39
33 42
33 45
33 61
33 50
33 62
34 64
34 59
34 41
34 67
34 44
34 53
34 55
34 36
34 60
35 48
35 51
35 36
35 41
36 48
36 49
36 44
36 61
36 52
36 62
36 55
36 39
36 59
37 64
37 41
37 46
37 55
37 58
38 39
38 51
38 52
38 54
38 68
38 61
38 63
39 42
39 47
39 48
39 69
39 65
40 59
40 66
40 57
40 42
40 47
40 44
41 49
41 51
41 52
41 55
41 59
41 61
41 63
42 68
42 69
42 64
42 62
42 47
42 49
42 54
42 57
42 60
43 64
43 54
43 46
44 64
44 68
44 47
44 59
45 64
45 66
45 50
45 58
45 52
46 52
46 65
47 52
47 55
47 60
48 56
48 52
48 54
48 62
48 65
49 64
49 65
49 50
49 62
50 66
50 53
50 57
50 59
51 64
51 65
51 67
51 52
51 53
51 60
51 61
52 67
52 60
52 62
53 56
53 61
54 66
54 55
54 61
55 62
56 66
56 67
56 68
56 59
56 60
56 69
57 67
57 59
57 63
58 64
58 66
60 64
60 61
60 62
60 63
61 67
61 62
62 64
62 63
63 66
63 69
64 67
65 66
65 69
66 67
