0 33
0 39
0 8
0 73
0 10
0 43
0 44
0 46
0 47
0 17
0 18
0 51
0 20
0 53
0 59
0 28
0 31
1 32
1 33
1 4
1 49
1 68
1 7
1 8
1 11
1 12
1 13
1 14
1 17
1 18
1 51
1 46
1 54
1 24
1 39
1 29
1 62
1 63
2 32
2 64
2 67
2 5
2 6
2 40
2 41
2 74
2 44
2 13
2 46
2 17
2 18
2 78
2 8
2 55
2 70
2 69
3 35
3 4
3 38
3 39
3 40
3 45
3 14
3 15
3 48
3 50
3 18
3 19
3 46
3 54
3 72
3 25
3 58
3 28
3 62
4 32
4 57
4 33
4 8
4 73
4 10
4 12
4 78
4 16
4 72
4 35
4 53
4 23
4 56
4 25
4 63
5 32
5 67
5 38
5 39
5 72
5 42
5 11
5 44
5 46
5 17
5 57
5 21
5 55
5 25
5 63
5 60
5 78
5 62
5 53
6 64
6 7
6 8
6 12
6 13
6 23
6 26
6 28
6 29
6 30
6 34
6 35
6 37
6 38
6 46
6 72
6 50
6 51
6 52
6 53
6 58
6 59
6 60
6 62
7 64
7 75
7 70
7 65
7 11
7 13
7 17
7 20
7 21
7 27
7 31
7 32
7 36
7 71
7 47
7 57
7 60
7 61
7 62
7 63
8 71
8 10
8 76
8 77
8 17
8 22
8 24
8 25
8 29
8 34
8 35
8 50
8 51
8 52
8 55
8 56
8 59
8 63
9 67
9 36
9 37
9 77
9 40
9 41
9 11
9 76
9 45
9 46
9 15
9 49
9 75
9 20
9 14
9 56
9 57
9 28
9 61
9 63
10 69
10 76
10 13
10 14
10 15
10 20
10 21
10 22
10 24
10 25
10 26
10 28
10 29
10 33
10 39
10 47
10 51
10 53
10 54
10 59
11 75
11 42
11 71
11 77
11 78
11 53
11 55
11 24
11 25
11 26
11 60
11 31
12 64
12 66
12 35
12 70
12 48
12 73
12 76
12 45
12 46
12 79
12 16
12 51
12 52
12 60
12 30
13 67
13 48
13 37
13 47
13 16
13 49
13 18
13 19
13 54
13 23
13 68
13 26
13 79
13 70
13 58
13 30
14 66
14 68
14 35
14 40
14 43
14 45
14 78
14 15
14 19
14 74
14 55
14 25
14 60
14 61
15 66
15 68
15 37
15 70
15 39
15 71
15 44
15 79
15 76
15 20
15 55
15 24
15 28
15 74
15 30
16 32
16 51
16 66
16 64
16 75
16 78
16 49
16 18
16 19
16 22
16 57
16 59
16 60
16 63
17 43
17 65
17 32
17 72
17 51
17 21
17 39
17 33
17 70
17 61
17 31
18 66
18 51
18 32
18 43
18 78
18 45
18 34
18 35
18 21
18 68
18 58
18 63
19 33
19 36
19 38
19 39
19 41
19 71
19 44
19 61
19 49
19 75
19 48
19 22
19 27
19 60
19 29
20 64
20 73
20 55
20 78
20 22
20 25
20 28
20 37
20 44
20 47
20 50
20 51
20 74
20 57
20 60
20 61
20 62
21 74
21 73
21 42
21 71
21 61
21 46
21 47
21 52
21 23
21 24
21 26
21 59
21 60
21 30
21 69
22 59
22 56
22 38
22 71
22 55
22 77
22 78
22 40
22 53
22 23
22 24
22 25
22 27
22 29
22 62
22 63
23 37
23 71
23 40
23 76
23 42
23 75
23 44
23 46
23 79
23 58
23 38
23 53
24 68
24 65
24 77
24 78
24 25
24 32
24 33
24 34
24 35
24 36
24 37
24 42
24 44
24 46
24 48
24 54
24 55
24 61
25 65
25 70
25 71
25 26
25 27
25 69
25 39
25 43
25 72
25 57
25 60
25 74
26 64
26 75
26 68
26 71
26 72
26 73
26 78
26 77
26 29
26 30
26 31
26 35
26 36
26 37
26 38
26 74
26 58
26 70
26 61
26 62
27 66
27 37
27 38
27 41
27 74
27 44
27 45
27 79
27 51
27 53
27 73
27 56
27 58
27 54
27 31
28 32
28 77
28 40
28 75
28 45
28 46
28 72
28 51
28 62
28 58
28 47
28 30
28 79
29 67
29 38
29 40
29 62
29 44
29 46
29 48
29 78
29 53
29 72
29 58
29 30
29 69
30 65
30 61
30 35
30 70
30 74
30 44
30 47
30 49
30 60
30 56
30 57
30 62
30 53
31 65
31 66
31 39
31 50
31 55
31 56
32 35
32 33
32 40
32 42
32 77
32 47
32 48
32 54
32 58
32 69
32 53
33 69
33 65
33 73
33 45
33 52
33 53
33 58
33 60
33 42
34 37
34 71
34 43
34 76
34 78
34 55
34 58
34 60
34 62
34 63
35 71
35 75
35 77
35 39
35 42
35 43
35 49
35 51
35 53
35 72
35 57
35 62
35 63
36 66
36 40
36 71
36 76
36 46
36 48
36 50
36 53
36 55
37 64
37 38
37 71
37 75
37 73
37 54
37 70
37 61
38 64
38 54
38 63
38 55
38 46
38 59
38 53
38 57
38 60
39 49
39 73
39 79
39 50
39 74
39 59
39 70
39 61
39 62
40 65
40 70
40 71
40 73
40 60
40 49
40 52
41 64
41 65
41 69
41 74
41 43
41 76
41 79
41 60
41 62
41 63
42 64
42 47
42 48
42 56
42 51
42 52
42 61
43 64
43 65
43 71
43 44
43 77
43 79
43 48
43 52
43 53
43 57
43 60
43 62
43 63
44 51
44 70
44 64
44 46
44 57
44 69
45 66
45 69
45 60
45 48
45 49
45 67
45 78
45 73
45 56
46 71
46 74
46 73
46 69
46 53
46 54
46 55
47 67
47 70
47 65
47 64
47 71
47 76
47 61
47 74
47 58
47 79
48 64
48 70
48 72
48 73
48 79
48 49
48 51
48 56
48 57
48 58
48 61
48 63
49 64
49 68
49 51
49 75
49 62
49 57
49 59
50 66
50 76
50 77
50 78
50 55
50 52
50 62
51 66
51 73
51 72
51 56
51 60
51 61
52 75
52 69
52 71
52 76
52 57
52 60
52 63
53 66
53 73
53 69
53 70
53 56
53 57
53 62
54 66
54 78
54 60
54 62
55 65
55 67
55 73
55 75
55 60
56 64
56 66
56 59
56 70
56 79
57 64
57 66
57 67
57 58
57 62
57 63
58 71
58 60
58 79
59 75
59 78
59 72
59 70
59 69
60 75
60 72
60 71
60 69
60 70
60 62
60 63
61 72
61 76
61 73
61 62
61 78
62 77
62 67
63 69
64 68
64 72
64 77
64 70
65 74
65 77
65 78
65 73
65 79
66 79
66 74
66 78
67 69
67 70
67 78
67 73
68 69
68 70
68 77
68 75
69 70
69 72
70 76
70 77
70 79
71 78
72 74
72 77
73 77
74 75
74 78
76 79
