0 1
0 2
0 67
0 68
0 70
0 8
0 9
0 75
0 76
0 77
0 14
0 15
0 16
0 18
0 19
0 20
0 21
0 22
0 25
0 79
0 29
0 32
0 34
0 36
0 37
0 38
0 39
0 40
0 42
0 45
0 48
0 50
0 51
0 52
0 54
0 55
0 58
0 60
0 62
1 65
1 66
1 67
1 74
1 6
1 7
1 10
1 75
1 76
1 78
1 79
1 16
1 20
1 25
1 26
1 27
1 32
1 34
1 37
1 38
1 71
1 46
1 50
1 51
1 52
1 54
1 56
1 57
1 58
1 59
1 70
1 61
1 62
2 3
2 73
2 10
2 12
2 77
2 78
2 15
2 17
2 18
2 19
2 20
2 23
2 24
2 26
2 79
2 32
2 33
2 35
2 36
2 39
2 42
2 46
2 76
2 49
2 50
2 53
2 55
2 56
2 63
3 67
3 70
3 71
3 8
3 73
3 75
3 12
3 13
3 16
3 17
3 18
3 19
3 20
3 23
3 24
3 25
3 32
3 33
3 39
3 42
3 46
3 53
3 56
3 57
3 58
3 61
3 63
4 64
4 65
4 66
4 5
4 7
4 8
4 9
4 77
4 78
4 15
4 17
4 18
4 19
4 20
4 73
4 23
4 24
4 26
4 27
4 28
4 30
4 31
4 32
4 34
4 38
4 41
4 71
4 44
4 47
4 72
4 51
4 69
4 53
4 55
4 56
4 59
4 61
4 62
5 65
5 66
5 67
5 71
5 9
5 74
5 12
5 13
5 77
5 17
5 20
5 21
5 27
5 28
5 29
5 30
5 34
5 36
5 37
5 39
5 47
5 48
5 49
5 79
5 52
5 53
5 76
5 58
5 59
5 61
5 62
6 66
6 7
6 8
6 74
6 75
6 77
6 79
6 16
6 19
6 27
6 28
6 31
6 34
6 36
6 38
6 40
6 42
6 71
6 48
6 49
6 50
6 55
6 72
6 58
6 65
6 63
7 66
7 65
7 9
7 13
7 78
7 15
7 17
7 20
7 22
7 23
7 27
7 28
7 30
7 32
7 33
7 38
7 41
7 43
7 44
7 45
7 47
7 48
7 50
7 51
7 53
7 56
7 58
7 59
7 62
8 66
8 69
8 71
8 73
8 14
8 16
8 17
8 18
8 67
8 21
8 23
8 24
8 28
8 30
8 31
8 32
8 33
8 35
8 38
8 45
8 48
8 52
8 54
8 56
8 59
9 65
9 75
9 73
9 74
9 11
9 13
9 14
9 15
9 78
9 20
9 21
9 22
9 24
9 25
9 26
9 27
9 29
9 34
9 36
9 37
9 39
9 40
9 44
9 46
9 47
9 50
9 57
9 58
10 75
10 65
10 73
10 11
10 76
10 78
10 15
10 16
10 19
10 21
10 22
10 23
10 26
10 27
10 32
10 33
10 35
10 38
10 43
10 44
10 45
10 47
10 49
10 52
10 54
10 55
10 56
10 62
11 67
11 69
11 12
11 14
11 15
11 16
11 18
11 73
11 25
11 26
11 27
11 29
11 30
11 35
11 37
11 41
11 44
11 46
11 76
11 49
11 53
11 55
11 58
11 59
11 62
12 64
12 65
12 70
12 16
12 18
12 19
12 20
12 25
12 26
12 28
12 29
12 69
12 31
12 32
12 67
12 37
12 41
12 47
12 52
12 56
12 59
12 61
13 65
13 70
13 16
13 18
13 67
13 25
13 26
13 27
13 29
13 30
13 69
13 32
13 36
13 37
13 39
13 41
13 45
13 46
13 49
13 50
13 51
13 53
13 54
13 59
13 62
14 64
14 68
14 71
14 74
14 79
14 18
14 19
14 21
14 22
14 23
14 24
14 25
14 28
14 30
14 35
14 36
14 49
14 52
14 53
14 54
14 55
14 56
14 63
15 65
15 69
15 79
15 17
15 20
15 21
15 27
15 28
15 33
15 36
15 37
15 41
15 45
15 52
15 53
15 55
15 57
15 58
15 60
15 74
15 63
16 68
16 65
16 73
16 78
16 77
16 17
16 18
16 75
16 29
16 34
16 36
16 70
16 42
16 71
16 47
16 48
16 49
16 50
16 52
16 54
16 55
16 56
16 57
16 59
16 60
16 62
17 64
17 65
17 70
17 75
17 76
17 77
17 78
17 19
17 20
17 21
17 22
17 25
17 71
17 27
17 28
17 30
17 31
17 33
17 36
17 42
17 43
17 46
17 47
17 72
17 51
17 52
17 54
17 56
17 57
17 58
17 60
17 62
18 64
18 70
18 65
18 77
18 21
18 23
18 26
18 27
18 31
18 35
18 37
18 41
18 71
18 78
18 46
18 48
18 50
18 54
18 55
18 57
18 58
18 63
19 64
19 65
19 73
19 75
19 77
19 76
19 67
19 21
19 27
19 28
19 30
19 31
19 32
19 34
19 35
19 70
19 40
19 41
19 43
19 48
19 49
19 50
19 79
19 52
19 54
19 56
19 58
19 60
19 74
19 62
20 70
20 72
20 74
20 21
20 23
20 79
20 29
20 69
20 32
20 33
20 34
20 40
20 42
20 44
20 48
20 49
20 76
20 53
20 54
20 57
20 58
20 59
20 60
20 61
20 62
20 63
21 65
21 67
21 68
21 70
21 71
21 77
21 22
21 23
21 24
21 26
21 27
21 31
21 33
21 35
21 39
21 40
21 42
21 44
21 46
21 47
21 72
21 50
21 53
21 54
21 58
21 60
21 74
21 62
21 63
22 68
22 69
22 76
22 77
22 79
22 73
22 24
22 29
22 31
22 32
22 35
22 38
22 39
22 43
22 44
22 50
22 53
22 55
22 57
22 58
22 60
23 64
23 69
23 75
23 66
23 67
23 24
23 25
23 27
23 31
23 32
23 35
23 37
23 38
23 40
23 42
23 71
23 78
23 45
23 48
23 72
23 50
23 51
23 53
23 56
23 57
23 58
23 59
23 60
23 74
23 63
24 70
24 71
24 75
24 68
24 26
24 27
24 31
24 35
24 37
24 38
24 41
24 42
24 43
24 78
24 45
24 46
24 48
24 72
24 53
24 54
24 55
24 56
24 57
24 61
25 68
25 70
25 65
25 64
25 74
25 77
25 27
25 28
25 29
25 36
25 41
25 42
25 46
25 47
25 76
25 51
25 54
25 73
25 61
25 62
25 63
26 64
26 65
26 72
26 78
26 68
26 27
26 28
26 29
26 33
26 34
26 38
26 39
26 41
26 66
26 71
26 45
26 46
26 49
26 56
26 60
27 29
27 31
27 35
27 36
27 37
27 38
27 40
27 41
27 44
27 47
27 48
27 49
27 50
27 51
27 52
27 54
27 55
27 56
27 60
27 62
27 63
27 66
27 68
27 71
27 72
27 73
27 76
27 77
28 68
28 76
28 74
28 75
28 77
28 29
28 30
28 69
28 33
28 34
28 37
28 41
28 71
28 44
28 45
28 46
28 48
28 49
28 51
28 53
28 55
28 56
28 57
28 70
28 61
29 67
29 70
29 71
29 72
29 74
29 78
29 69
29 31
29 32
29 35
29 41
29 76
29 50
29 51
29 52
29 53
29 54
29 73
29 56
29 57
29 59
29 60
30 64
30 70
30 74
30 76
30 79
30 36
30 71
30 46
30 51
30 52
30 59
30 61
30 62
31 64
31 65
31 66
31 67
31 71
31 74
31 68
31 35
31 37
31 72
31 50
31 51
31 52
31 53
31 55
31 57
31 62
31 63
32 69
32 76
32 75
32 66
32 68
32 67
32 36
32 37
32 38
32 39
32 64
32 45
32 47
32 54
32 56
32 58
32 61
32 65
33 64
33 65
33 68
33 70
33 66
33 77
33 35
33 37
33 38
33 39
33 41
33 78
33 45
33 48
33 72
33 55
33 56
33 58
33 74
33 63
34 66
34 65
34 64
34 75
34 79
34 70
34 39
34 41
34 43
34 47
34 52
34 54
34 73
34 56
34 57
34 58
34 59
34 60
35 64
35 67
35 68
35 69
35 71
35 73
35 77
35 79
35 37
35 38
35 40
35 75
35 42
35 46
35 47
35 48
35 50
35 51
35 52
35 53
35 54
35 56
35 58
35 59
35 60
35 62
36 65
36 66
36 72
36 74
36 79
36 69
36 37
36 38
36 39
36 40
36 41
36 42
36 43
36 44
36 45
36 46
36 50
36 51
36 53
36 54
36 55
36 57
36 58
36 61
36 62
36 63
37 70
37 71
37 64
37 77
37 73
37 69
37 38
37 40
37 45
37 46
37 49
37 50
37 51
37 52
37 53
37 54
37 55
37 72
37 57
37 59
37 61
38 69
38 73
38 78
38 39
38 40
38 41
38 42
38 44
38 46
38 48
38 50
38 53
38 54
38 61
39 66
39 72
39 74
39 76
39 78
39 79
39 69
39 41
39 44
39 45
39 47
39 49
39 51
39 54
39 73
39 58
39 60
39 63
40 66
40 67
40 69
40 72
40 74
40 75
40 77
40 41
40 42
40 70
40 50
40 51
40 52
40 53
40 54
40 55
40 58
40 60
40 62
41 64
41 68
41 66
41 71
41 70
41 72
41 73
41 77
41 78
41 75
41 42
41 43
41 45
41 47
41 76
41 50
41 51
41 57
41 59
41 60
41 61
42 64
42 72
42 73
42 75
42 66
42 70
42 43
42 46
42 49
42 52
42 56
42 62
43 65
43 75
43 69
43 49
43 72
43 76
43 78
43 71
43 63
44 67
44 69
44 79
44 68
44 49
44 51
44 52
44 73
44 56
44 57
44 58
44 59
44 60
44 63
45 65
45 67
45 69
45 70
45 77
45 78
45 71
45 46
45 48
45 49
45 51
45 52
45 56
45 58
45 59
45 61
45 62
45 63
46 64
46 69
46 70
46 71
46 78
46 47
46 49
46 51
46 53
46 54
46 55
46 57
46 58
46 62
46 63
47 65
47 67
47 72
47 77
47 71
47 48
47 76
47 50
47 51
47 52
47 55
47 60
47 62
47 63
48 64
48 75
48 77
48 79
48 49
48 52
48 72
48 58
48 59
48 60
48 62
49 64
49 65
49 67
49 73
49 50
49 51
49 74
49 53
49 55
49 56
49 59
49 70
49 61
50 67
50 64
50 75
50 76
50 73
50 52
50 54
50 55
50 58
50 60
50 61
50 63
51 69
51 68
51 72
51 73
51 75
51 71
51 55
51 57
51 58
51 62
52 67
52 79
52 59
52 74
52 62
53 64
53 70
53 72
53 73
53 76
53 67
53 68
53 79
53 69
53 55
53 56
53 58
53 59
53 60
54 66
54 67
54 68
54 70
54 71
54 79
54 64
54 78
54 72
54 55
54 59
54 60
54 63
55 79
55 72
55 76
55 77
55 68
55 57
55 58
55 60
55 63
56 70
56 73
56 75
56 77
56 79
56 65
56 71
56 76
56 72
56 57
56 58
57 64
57 69
57 71
57 74
57 75
57 78
57 67
57 79
57 59
57 60
57 62
58 74
58 78
58 79
58 70
58 73
58 59
58 60
59 64
59 75
59 70
59 73
59 78
59 77
59 68
59 79
59 69
59 60
59 62
60 64
60 67
60 69
60 65
60 73
60 79
60 75
60 77
60 78
60 71
60 61
61 65
61 76
61 77
61 71
62 70
62 64
62 76
62 78
62 77
62 69
62 79
62 65
62 63
63 65
63 68
63 73
63 74
63 75
63 77
63 67
63 78
64 70
64 71
64 76
64 74
64 77
65 67
65 72
65 75
65 70
66 67
66 75
66 76
66 77
66 68
66 70
66 72
67 70
67 73
67 79
67 75
67 71
68 69
68 70
68 72
68 73
68 75
68 76
68 77
69 75
69 73
69 76
70 76
70 75
70 78
70 79
71 73
71 76
71 79
71 72
72 74
72 77
72 78
72 79
73 79
73 75
74 76
74 79
76 78
