0 35
0 54
0 72
0 41
0 10
0 12
0 47
0 49
0 18
0 9
0 22
0 23
0 24
0 56
0 27
0 28
1 51
1 2
1 3
1 5
1 67
1 78
1 46
1 15
1 19
1 52
1 14
1 22
1 26
2 36
2 48
2 73
2 7
2 14
2 47
2 16
2 57
2 28
2 29
2 39
3 32
3 35
3 33
3 40
3 41
3 11
3 45
3 77
3 47
3 16
3 23
3 56
3 57
3 58
3 29
4 64
4 50
4 52
4 5
4 57
4 28
4 78
4 62
5 66
5 8
5 73
5 78
5 15
5 17
5 18
5 19
5 20
5 22
5 79
5 28
5 31
5 34
5 42
5 45
5 49
5 53
5 58
5 59
5 61
5 62
6 36
6 69
6 8
6 42
6 78
6 47
6 72
6 50
6 19
6 21
6 56
6 58
7 36
7 70
7 43
7 76
7 66
7 77
7 45
7 48
7 21
7 24
7 60
7 29
7 53
8 49
8 39
8 40
8 41
8 21
9 32
9 67
9 37
9 39
9 64
9 45
9 20
9 52
9 58
9 59
9 28
9 26
9 30
10 32
10 65
10 40
10 73
10 12
10 16
10 17
10 51
10 52
10 23
10 31
11 33
11 35
11 39
11 40
11 43
11 77
11 48
11 18
11 19
11 20
11 24
11 58
11 59
11 60
11 63
12 32
12 35
12 37
12 33
12 40
12 41
12 39
12 14
12 15
12 50
12 51
12 21
12 58
12 28
12 62
12 69
13 34
13 69
13 38
13 39
13 73
13 75
13 14
13 48
13 52
13 78
13 25
13 26
13 61
13 30
13 31
14 34
14 69
14 38
14 41
14 15
14 19
14 54
14 23
14 25
14 27
14 70
14 44
14 30
14 31
15 68
15 70
15 65
15 75
15 77
15 79
15 17
15 25
15 27
15 33
15 34
15 35
15 41
15 47
15 48
15 57
15 60
15 61
16 32
16 68
16 18
16 78
16 50
16 21
16 22
16 23
16 24
16 26
17 64
17 65
17 48
17 49
17 18
17 22
17 23
17 57
17 63
18 65
18 35
18 68
18 38
18 41
18 76
18 21
18 73
18 25
18 28
18 63
19 64
19 68
19 74
19 77
19 20
19 25
19 26
19 27
19 28
19 29
19 34
19 35
19 36
19 40
19 47
19 49
19 52
19 56
20 67
20 36
20 38
20 42
20 79
20 75
20 21
20 58
20 60
20 26
20 62
21 35
21 68
21 39
21 46
21 47
21 49
21 78
22 34
22 74
22 65
22 73
22 42
22 76
22 45
22 77
22 52
22 23
22 26
22 79
22 29
23 69
23 41
23 75
23 44
23 45
23 47
23 50
23 51
23 46
23 55
23 25
23 58
24 33
24 66
24 36
24 69
24 38
24 76
24 79
24 53
24 26
24 61
25 32
25 64
25 66
25 68
25 65
25 72
25 41
25 76
25 46
25 49
25 59
25 78
26 64
26 72
26 74
26 79
26 27
26 30
26 35
26 37
26 41
26 42
26 49
26 55
26 60
26 62
27 32
27 35
27 70
27 51
27 65
27 43
27 79
27 60
27 31
28 32
28 39
28 40
28 75
28 41
28 56
29 65
29 68
29 69
29 38
29 40
29 73
29 78
29 77
29 46
29 50
29 53
29 58
29 70
29 61
29 30
30 33
30 34
30 67
30 72
30 74
30 78
30 45
30 51
30 53
31 32
31 59
31 68
31 38
31 71
31 41
31 43
31 44
31 46
31 50
31 51
31 54
31 56
31 60
31 63
32 51
32 66
32 35
32 68
32 37
32 46
32 44
32 52
32 41
32 58
32 62
33 36
33 37
33 38
33 42
33 44
33 46
33 55
33 59
33 61
34 70
34 37
34 38
34 48
34 78
34 60
35 69
35 73
35 77
35 78
35 37
35 38
35 43
35 44
35 47
35 48
35 53
36 67
36 40
36 43
36 66
36 56
36 60
37 69
37 70
37 72
37 43
37 45
37 48
37 52
37 53
37 54
37 59
37 62
37 63
38 39
38 40
38 51
38 60
39 66
39 70
39 78
39 47
39 76
39 45
39 68
39 59
39 63
40 74
40 44
40 45
40 46
40 48
40 72
40 52
40 73
40 55
40 57
40 62
41 65
41 43
41 71
41 51
41 57
41 61
42 67
42 72
42 43
42 76
42 46
42 61
43 64
43 70
43 44
43 46
43 74
44 68
44 65
44 74
44 45
44 75
44 78
44 56
45 65
45 78
45 47
45 50
45 52
45 62
45 58
45 79
45 60
46 47
46 48
46 49
46 58
46 62
47 68
47 64
47 55
47 50
47 67
47 61
47 65
48 64
48 68
48 55
48 56
48 72
48 61
48 69
48 63
49 57
49 53
49 55
50 69
50 55
50 77
51 67
51 64
51 78
51 79
51 73
51 74
52 59
52 76
52 77
52 72
52 78
52 56
52 58
52 54
52 63
53 74
53 56
53 58
54 73
54 55
54 72
54 57
54 62
55 67
55 75
55 77
55 56
55 72
56 66
56 72
56 73
56 68
56 58
57 76
57 78
58 72
58 61
58 60
59 67
59 65
59 78
59 75
60 67
60 70
60 79
60 77
61 65
61 76
61 77
61 78
61 69
61 62
61 63
62 71
62 72
62 78
62 69
63 70
63 64
64 79
65 69
65 72
65 67
65 78
66 67
66 75
66 78
66 79
67 69
67 71
67 76
68 69
68 71
69 70
71 75
71 77
72 74
74 75
74 79
75 76
76 78
77 79
