0 2
0 69
0 7
0 8
0 13
0 79
0 16
0 17
0 18
0 21
0 25
0 58
1 58
1 2
1 35
1 52
1 42
1 29
1 14
2 35
2 24
2 57
2 43
3 32
3 17
3 4
3 58
3 27
3 60
3 29
3 46
4 19
4 20
4 23
4 9
4 30
5 72
5 70
5 54
5 56
5 25
5 30
5 15
6 49
6 67
6 8
6 74
6 28
6 61
6 14
7 72
7 10
7 26
7 23
8 64
8 34
8 69
8 10
8 78
8 46
8 48
8 19
8 53
8 26
8 63
9 19
9 11
9 78
10 64
10 34
10 75
10 20
10 78
10 39
10 73
10 50
10 62
11 32
11 77
11 64
12 56
12 58
12 66
12 20
12 53
13 51
13 71
13 55
13 14
13 79
14 59
14 36
14 43
14 17
14 50
14 58
14 25
14 26
14 27
14 29
15 16
15 49
15 68
15 55
15 60
15 69
15 53
16 51
16 61
16 78
17 34
17 19
17 50
17 56
17 25
17 28
17 29
17 47
18 40
18 70
19 32
19 24
19 39
19 77
20 58
20 42
20 37
20 54
20 72
20 43
20 26
21 48
21 35
21 37
21 22
21 71
21 45
22 51
22 68
22 28
22 77
22 46
23 49
23 34
23 73
23 25
23 75
23 78
24 35
24 36
24 38
24 70
24 71
24 75
24 79
24 57
24 27
24 31
25 75
25 43
25 50
25 53
25 54
25 26
25 59
25 61
26 33
26 70
26 77
26 40
26 54
26 58
26 30
27 48
27 51
27 60
27 46
28 65
28 59
28 79
29 49
29 51
29 62
29 73
29 55
29 47
30 64
30 74
30 52
30 58
30 79
31 48
31 68
31 51
31 52
31 70
31 57
31 44
31 45
31 79
32 34
32 54
32 75
32 42
32 61
32 78
32 77
33 50
33 34
33 63
33 42
33 77
33 45
34 66
34 77
34 79
34 51
34 52
34 53
35 68
36 41
36 39
37 48
37 68
37 41
37 58
37 59
37 63
38 52
38 69
38 54
38 79
38 61
38 62
38 47
39 53
39 43
39 77
39 62
39 79
40 48
40 57
40 44
40 77
40 78
40 79
41 57
41 54
41 69
42 69
42 65
42 57
42 70
42 78
42 79
43 49
43 69
44 48
44 52
44 70
44 71
44 58
44 76
45 67
45 77
46 64
47 50
47 76
47 59
47 60
47 79
48 66
48 78
49 65
49 57
50 52
50 57
51 78
52 72
52 76
52 79
56 60
56 59
56 79
57 67
57 74
57 62
58 64
58 72
59 66
59 69
60 70
61 74
63 64
63 71
63 77
65 75
65 69
66 79
69 78
69 79
69 74
70 77
71 76
71 79
71 78
72 73
72 77
72 79
73 79
