0 1
0 2
0 68
0 37
0 12
0 34
0 15
0 81
0 18
0 83
0 20
0 23
0 88
0 58
0 47
0 28
0 61
0 30
1 65
1 75
1 6
1 71
1 73
1 11
1 13
1 15
1 80
1 17
1 21
1 87
1 25
1 31
1 35
1 37
1 38
1 81
1 40
1 44
1 52
1 89
1 85
1 70
1 62
1 63
2 67
2 86
2 6
2 7
2 72
2 87
2 76
2 78
2 15
2 16
2 82
2 84
2 85
2 22
2 23
2 27
2 80
2 34
2 38
2 39
2 71
2 49
2 50
2 52
2 56
2 57
3 64
3 67
3 5
3 6
3 72
3 9
3 11
3 13
3 78
3 15
3 16
3 75
3 22
3 28
3 32
3 35
3 41
3 42
3 82
3 47
3 49
3 56
3 60
3 62
4 19
4 64
4 5
4 38
4 72
4 76
4 13
4 78
4 79
4 80
4 81
4 51
4 84
4 85
4 54
4 24
4 58
4 27
4 70
4 61
4 31
5 66
5 68
5 70
5 10
5 13
5 79
5 17
5 18
5 20
5 85
5 22
5 23
5 29
5 30
5 42
5 44
5 45
5 74
5 53
5 56
5 57
5 61
5 62
6 68
6 71
6 73
6 74
6 75
6 13
6 16
6 17
6 18
6 67
6 84
6 21
6 22
6 23
6 27
6 80
6 81
6 40
6 43
6 48
6 83
6 56
6 57
6 58
7 68
7 37
7 77
7 8
7 41
7 43
7 34
7 46
7 45
7 16
7 81
7 51
7 21
7 24
7 26
7 47
7 60
7 29
8 67
8 68
8 73
8 10
8 14
8 15
8 16
8 17
8 18
8 84
8 87
8 89
8 31
8 32
8 38
8 39
8 40
8 71
8 52
8 54
8 58
9 32
9 64
9 69
9 38
9 40
9 60
9 11
9 44
9 45
9 80
9 77
9 76
9 82
9 19
9 73
9 56
9 28
9 63
10 65
10 66
10 67
10 68
10 77
10 14
10 16
10 85
10 86
10 87
10 24
10 30
10 36
10 40
10 43
10 50
10 52
10 53
10 55
10 58
10 62
11 19
11 67
11 69
11 79
11 21
11 88
11 89
11 26
11 28
11 29
11 36
11 37
11 39
11 47
11 50
11 83
11 54
11 58
11 61
12 65
12 61
12 58
12 21
12 71
12 73
12 26
12 31
12 29
12 13
13 14
13 80
13 82
13 78
13 88
13 89
13 29
13 31
13 36
13 53
13 54
13 56
13 57
13 58
13 61
13 85
13 63
14 64
14 65
14 68
14 73
14 75
14 78
14 83
14 85
14 86
14 72
14 26
14 29
14 31
14 33
14 36
14 37
14 45
14 48
14 49
14 51
14 74
14 56
14 59
14 61
15 37
15 49
15 75
15 66
15 40
15 67
15 20
15 22
15 56
15 24
15 87
15 28
15 29
15 63
16 33
16 49
16 40
16 71
16 44
16 78
16 75
16 21
16 89
16 57
16 27
16 29
16 85
17 66
17 67
17 68
17 65
17 74
17 81
17 83
17 20
17 21
17 86
17 24
17 71
17 37
17 70
17 40
17 41
17 43
17 45
17 55
17 56
17 88
17 85
18 65
18 82
18 20
18 85
18 86
18 88
18 25
18 26
18 28
18 69
18 31
18 84
18 34
18 37
18 43
18 44
18 48
18 50
18 55
18 57
19 64
19 71
19 77
19 78
19 80
19 83
19 20
19 85
19 24
19 29
19 30
19 34
19 37
19 42
19 47
19 51
19 54
19 73
19 55
19 61
19 62
20 65
20 68
20 72
20 76
20 84
20 22
20 28
20 35
20 36
20 37
20 40
20 44
20 46
20 51
20 52
20 53
20 56
20 62
21 64
21 86
21 76
21 77
21 79
21 84
21 22
21 24
21 28
21 34
21 35
21 39
21 42
21 71
21 45
21 50
21 88
21 58
22 65
22 72
22 73
22 76
22 81
22 82
22 67
22 23
22 25
22 28
22 30
22 69
22 33
22 34
22 36
22 39
22 40
22 47
22 48
22 52
23 64
23 39
23 41
23 74
23 75
23 78
23 79
23 80
23 83
23 52
23 53
23 73
23 57
23 87
23 38
23 30
24 69
24 81
24 72
24 87
24 76
24 45
24 46
24 48
24 55
24 89
24 26
24 30
24 63
25 66
25 69
25 71
25 77
25 79
25 89
25 26
25 27
25 30
25 31
25 36
25 38
25 40
25 41
25 49
25 50
25 56
25 61
25 62
26 33
26 36
26 65
26 39
26 73
26 43
26 45
26 76
26 54
26 61
26 62
26 63
27 32
27 33
27 67
27 37
27 48
27 71
27 45
27 47
27 69
27 85
27 86
27 57
27 59
27 62
27 65
28 33
28 82
28 86
28 65
28 64
28 42
28 44
28 50
28 72
28 79
28 59
28 29
29 68
29 72
29 76
29 82
29 84
29 78
29 32
29 35
29 39
29 49
29 50
29 52
29 55
29 59
29 85
30 32
30 66
30 68
30 71
30 87
30 44
30 79
30 56
30 82
30 59
30 88
30 31
31 64
31 81
31 83
31 87
31 32
31 39
31 40
31 41
31 44
31 46
31 47
31 48
31 49
31 53
31 61
32 64
32 66
32 35
32 68
32 42
32 43
32 45
32 59
32 74
32 85
32 54
32 87
33 66
33 67
33 68
33 69
33 83
33 85
33 87
33 88
33 89
33 37
33 38
33 39
33 40
33 44
33 54
33 63
34 66
34 37
34 40
34 83
34 50
34 84
34 86
34 68
34 60
35 70
35 76
35 78
35 79
35 80
35 88
35 89
35 44
35 48
35 49
35 52
35 55
35 56
35 58
35 59
35 60
35 62
36 65
36 75
36 77
36 84
36 86
36 89
36 88
36 41
36 44
36 45
36 47
36 51
36 55
36 62
37 88
37 38
37 48
37 49
37 50
37 53
37 56
37 57
37 63
38 64
38 65
38 41
38 43
38 89
38 53
38 54
38 88
38 71
38 68
39 75
39 79
39 81
39 82
39 88
39 44
39 45
39 46
39 50
39 58
39 61
39 62
40 66
40 65
40 55
40 77
40 78
40 46
40 48
40 73
40 74
40 63
41 65
41 66
41 68
41 72
41 73
41 75
41 82
41 67
41 84
41 44
41 48
41 49
41 51
41 52
41 53
41 55
41 83
42 51
42 83
42 64
42 76
42 46
42 47
42 80
42 72
42 54
42 73
42 89
42 60
42 78
42 85
43 68
43 76
43 50
43 61
43 84
43 54
43 87
43 89
43 79
43 58
43 69
44 72
44 76
44 81
44 83
44 85
44 73
44 69
44 46
44 53
44 55
44 57
44 58
45 67
45 72
45 79
45 87
45 75
45 83
45 73
45 46
45 69
46 69
46 70
46 77
46 72
46 82
46 83
46 88
46 59
46 81
46 62
47 51
47 69
47 75
47 63
47 77
47 81
47 50
47 82
47 57
47 71
47 86
48 64
48 66
48 86
48 77
48 80
48 89
48 50
48 54
48 55
48 58
48 59
48 70
48 62
48 63
49 80
49 70
49 72
49 67
49 52
49 55
49 87
50 70
50 75
50 77
50 87
50 51
50 58
50 59
50 60
50 62
51 64
51 83
51 75
51 80
51 55
51 56
51 87
51 60
51 62
52 86
52 70
52 71
52 75
52 76
52 77
52 89
52 84
52 87
52 53
52 55
52 72
52 57
52 58
52 59
53 75
53 55
53 63
53 81
53 78
53 73
53 74
53 70
53 61
53 69
54 65
54 81
54 88
54 89
54 59
55 83
55 73
55 77
55 61
55 62
55 63
56 71
56 72
56 75
56 85
56 86
56 87
56 88
56 79
56 69
56 84
56 60
57 80
57 67
57 70
57 78
57 81
57 60
58 66
58 67
58 79
58 80
58 81
58 87
58 68
58 89
59 64
59 66
59 71
59 73
59 74
59 77
59 81
59 89
60 68
60 75
60 76
60 77
60 85
60 87
61 74
61 79
61 87
61 78
62 67
62 70
62 71
62 75
62 77
62 87
62 65
62 74
63 64
63 70
63 76
63 88
63 69
64 70
64 76
64 86
64 68
64 74
65 71
65 73
65 72
65 81
66 67
66 70
66 76
66 77
66 78
66 82
66 85
66 86
66 88
66 79
67 68
67 69
67 73
67 78
67 82
67 85
67 86
67 79
67 74
68 83
68 85
68 88
69 74
69 79
69 80
69 88
69 82
70 84
70 71
70 79
70 83
70 87
71 73
71 77
71 81
71 76
71 85
72 76
72 79
72 80
72 82
73 75
73 77
73 80
73 82
73 84
73 89
73 87
74 75
74 80
74 81
74 82
74 84
74 86
74 89
74 87
75 77
75 86
75 88
76 86
76 80
76 89
77 81
77 86
77 87
77 83
78 83
78 87
78 79
79 80
79 85
80 88
81 82
81 85
81 89
82 84
82 89
83 87
84 87
85 86
