0 1
0 2
0 3
0 4
0 5
0 70
0 7
0 72
0 76
0 10
0 87
0 12
0 13
0 77
0 15
0 16
0 81
0 18
0 19
0 20
0 78
0 86
0 23
0 88
0 28
0 69
0 31
0 32
0 33
0 36
0 40
0 41
0 82
0 47
0 49
0 83
0 74
0 53
0 84
0 58
0 61
0 63
1 65
1 66
1 3
1 69
1 72
1 74
1 78
1 15
1 80
1 82
1 83
1 21
1 23
1 25
1 29
1 30
1 31
1 34
1 35
1 36
1 37
1 40
1 41
1 44
1 46
1 47
1 57
1 58
1 59
1 60
1 63
2 3
2 4
2 69
2 7
2 8
2 10
2 77
2 78
2 17
2 82
2 19
2 20
2 88
2 28
2 29
2 33
2 67
2 35
2 36
2 41
2 71
2 44
2 46
2 47
2 49
2 51
2 52
2 58
2 59
2 60
2 61
3 67
3 4
3 6
3 71
3 64
3 9
3 74
3 11
3 12
3 14
3 15
3 16
3 81
3 82
3 20
3 21
3 88
3 89
3 79
3 29
3 31
3 84
3 33
3 36
3 38
3 39
3 40
3 78
3 45
3 80
3 49
3 50
3 72
3 57
3 59
4 65
4 68
4 6
4 7
4 8
4 9
4 75
4 66
4 14
4 15
4 16
4 17
4 82
4 19
4 20
4 86
4 23
4 88
4 25
4 71
4 79
4 31
4 33
4 35
4 37
4 39
4 40
4 41
4 43
4 45
4 48
4 49
4 83
4 52
4 89
4 87
4 59
5 65
5 67
5 70
5 76
5 74
5 12
5 77
5 14
5 15
5 80
5 81
5 82
5 19
5 20
5 86
5 24
5 89
5 26
5 32
5 43
5 48
5 49
5 52
5 53
5 56
5 57
5 58
5 62
6 64
6 66
6 69
6 7
6 74
6 75
6 76
6 13
6 14
6 79
6 16
6 17
6 20
6 78
6 22
6 24
6 28
6 88
6 80
6 34
6 40
6 42
6 43
6 44
6 48
6 50
6 53
6 57
6 60
6 62
6 85
7 64
7 67
7 65
7 9
7 75
7 12
7 81
7 14
7 15
7 17
7 18
7 83
7 20
7 22
7 87
7 24
7 89
7 26
7 27
7 28
7 29
7 30
7 31
7 35
7 38
7 39
7 43
7 48
7 76
7 51
7 88
7 55
7 84
7 62
8 64
8 9
8 75
8 12
8 14
8 15
8 80
8 88
8 82
8 83
8 85
8 86
8 24
8 29
8 30
8 31
8 34
8 39
8 46
8 47
8 48
8 52
8 53
8 55
8 57
8 59
9 64
9 66
9 70
9 10
9 75
9 89
9 77
9 14
9 15
9 21
9 23
9 25
9 27
9 29
9 30
9 31
9 33
9 35
9 36
9 38
9 39
9 41
9 43
9 78
9 46
9 48
9 49
9 51
9 87
9 56
9 58
9 59
9 60
9 61
9 62
9 63
10 64
10 75
10 69
10 11
10 79
10 16
10 17
10 18
10 19
10 22
10 89
10 24
10 25
10 31
10 32
10 80
10 34
10 36
10 42
10 73
10 45
10 47
10 50
10 83
10 54
10 55
10 56
10 88
10 60
10 62
10 63
11 64
11 65
11 70
11 73
11 12
11 13
11 77
11 16
11 17
11 82
11 83
11 84
11 85
11 23
11 88
11 25
11 28
11 29
11 30
11 31
11 33
11 37
11 38
11 42
11 48
11 50
11 54
11 55
11 56
11 57
11 89
11 60
11 74
12 65
12 66
12 68
12 70
12 77
12 17
12 18
12 19
12 20
12 88
12 27
12 29
12 33
12 37
12 39
12 42
12 46
12 52
12 53
12 55
12 57
12 59
12 60
12 61
12 63
13 65
13 66
13 75
13 68
13 69
13 71
13 14
13 16
13 17
13 82
13 19
13 78
13 22
13 25
13 80
13 35
13 37
13 81
13 40
13 41
13 46
13 48
13 51
13 56
13 58
13 59
13 60
13 83
13 85
14 74
14 15
14 17
14 18
14 67
14 21
14 73
14 23
14 68
14 27
14 81
14 69
14 34
14 35
14 37
14 39
14 41
14 48
14 72
14 50
14 79
14 52
14 89
14 55
14 57
14 58
14 60
14 63
15 74
15 80
15 18
15 84
15 86
15 89
15 26
15 27
15 31
15 34
15 36
15 65
15 39
15 64
15 71
15 46
15 48
15 49
15 51
15 54
15 55
15 56
15 62
16 65
16 83
16 69
16 73
16 76
16 80
16 18
16 19
16 84
16 22
16 23
16 89
16 28
16 29
16 30
16 31
16 33
16 67
16 35
16 70
16 40
16 41
16 44
16 82
16 51
16 53
16 55
16 57
17 65
17 67
17 86
17 75
17 80
17 18
17 84
17 78
17 22
17 89
17 68
17 26
17 27
17 36
17 42
17 48
17 52
17 54
17 60
17 62
17 63
18 65
18 66
18 68
18 86
18 79
18 73
18 77
18 22
18 23
18 25
18 27
18 28
18 29
18 80
18 34
18 45
18 48
18 76
18 51
18 52
18 54
18 55
18 58
18 60
18 74
19 70
19 71
19 72
19 84
19 21
19 24
19 28
19 41
19 42
19 43
19 46
19 51
19 52
19 58
19 59
19 60
19 74
19 62
20 73
20 74
20 75
20 77
20 81
20 83
20 84
20 23
20 25
20 27
20 30
20 31
20 35
20 40
20 41
20 43
20 76
20 50
20 51
20 55
20 57
20 87
20 59
20 62
21 67
21 69
21 72
21 74
21 80
21 84
21 24
21 27
21 28
21 32
21 36
21 37
21 38
21 39
21 41
21 42
21 44
21 49
21 57
21 58
22 64
22 65
22 66
22 67
22 68
22 73
22 75
22 79
22 85
22 27
22 30
22 33
22 70
22 39
22 80
22 42
22 43
22 44
22 82
22 46
22 52
22 53
22 55
22 56
22 58
22 59
23 76
23 79
23 81
23 73
23 87
23 24
23 89
23 26
23 27
23 28
23 88
23 32
23 37
23 38
23 39
23 42
23 47
23 48
23 49
23 50
23 51
23 54
23 55
23 56
23 84
23 60
23 61
23 62
24 65
24 66
24 68
24 87
24 77
24 80
24 82
24 86
24 88
24 89
24 28
24 30
24 69
24 32
24 33
24 34
24 35
24 36
24 37
24 38
24 40
24 42
24 71
24 45
24 49
24 83
24 54
24 72
24 57
24 58
24 70
25 64
25 72
25 78
25 77
25 80
25 83
25 27
25 28
25 30
25 38
25 40
25 41
25 43
25 44
25 82
25 47
25 50
25 51
25 53
25 55
25 57
25 60
25 61
25 63
26 66
26 70
26 73
26 87
26 78
26 80
26 86
26 88
26 79
26 28
26 29
26 34
26 35
26 36
26 38
26 43
26 45
26 46
26 47
26 52
26 54
26 55
26 56
26 57
26 59
26 61
26 62
27 64
27 68
27 75
27 71
27 79
27 28
27 29
27 33
27 34
27 35
27 82
27 38
27 40
27 42
27 43
27 44
27 45
27 87
27 51
27 52
27 89
27 84
27 58
27 60
27 85
28 64
28 71
28 68
28 69
28 75
28 80
28 66
28 81
28 33
28 37
28 39
28 40
28 43
28 45
28 48
28 49
28 52
28 89
28 55
28 56
28 87
28 59
28 70
28 85
29 69
29 70
29 66
29 81
29 85
29 33
29 34
29 39
29 40
29 75
29 80
29 47
29 76
29 72
29 50
29 51
29 52
29 53
29 56
29 57
29 58
29 60
29 61
29 63
30 74
30 87
30 31
30 84
30 33
30 35
30 37
30 65
30 40
30 42
30 44
30 80
30 47
30 48
30 49
30 55
30 72
30 57
30 58
31 66
31 70
31 76
31 77
31 81
31 67
31 68
31 79
31 32
31 36
31 38
31 40
31 43
31 44
31 45
31 46
31 47
31 48
31 50
31 51
31 53
31 55
31 56
31 84
31 60
31 62
32 64
32 67
32 68
32 70
32 73
32 77
32 80
32 89
32 39
32 40
32 48
32 49
32 50
32 74
32 53
32 55
32 61
32 85
32 63
33 64
33 69
33 65
33 72
33 66
33 88
33 82
33 84
33 85
33 89
33 68
33 35
33 40
33 42
33 71
33 44
33 48
33 76
33 51
33 53
33 54
33 57
33 58
33 60
33 61
34 64
34 67
34 68
34 73
34 77
34 80
34 81
34 86
34 36
34 37
34 38
34 42
34 44
34 46
34 50
34 52
34 53
34 56
34 58
34 62
34 63
35 64
35 69
35 74
35 75
35 76
35 81
35 82
35 80
35 73
35 89
35 86
35 36
35 38
35 39
35 40
35 43
35 46
35 47
35 48
35 53
35 54
35 55
35 60
35 62
35 63
36 68
36 69
36 70
36 64
36 82
36 67
36 84
36 89
36 81
36 39
36 40
36 44
36 45
36 47
36 72
36 83
36 54
36 73
36 88
36 59
36 74
36 85
36 63
37 66
37 67
37 88
37 71
37 73
37 77
37 81
37 79
37 39
37 45
37 47
37 48
37 52
37 53
37 54
37 57
37 58
37 60
37 61
37 62
37 63
38 64
38 69
38 70
38 77
38 79
38 81
38 67
38 42
38 51
38 54
38 73
38 57
38 87
38 60
38 63
39 69
39 70
39 86
39 67
39 84
39 79
39 40
39 42
39 71
39 45
39 48
39 76
39 50
39 51
39 56
39 59
39 85
40 42
40 43
40 47
40 48
40 50
40 54
40 59
40 61
40 62
40 65
40 67
40 69
40 72
40 75
40 76
40 78
40 80
40 81
40 82
40 83
40 84
40 85
40 86
40 87
41 67
41 68
41 65
41 64
41 75
41 76
41 77
41 81
41 86
41 89
41 88
41 71
41 66
41 42
41 43
41 78
41 72
41 52
41 54
41 57
41 58
41 63
42 65
42 66
42 67
42 68
42 71
42 77
42 75
42 89
42 87
42 49
42 50
42 51
42 88
42 57
42 58
42 59
42 60
42 74
42 63
43 64
43 68
43 66
43 72
43 74
43 75
43 82
43 89
43 88
43 84
43 47
43 50
43 54
43 56
43 57
43 58
43 59
43 60
44 71
44 73
44 74
44 75
44 76
44 66
44 84
44 65
44 80
44 45
44 47
44 49
44 58
44 61
44 85
45 67
45 70
45 72
45 73
45 76
45 80
45 88
45 85
45 86
45 87
45 82
45 50
45 53
45 55
45 56
45 57
45 74
45 62
46 64
46 69
46 70
46 65
46 74
46 75
46 66
46 84
46 85
46 88
46 89
46 86
46 71
46 72
46 51
46 54
46 61
47 68
47 75
47 66
47 77
47 80
47 81
47 82
47 48
47 49
47 51
47 52
47 87
47 72
47 56
47 58
47 60
47 62
48 64
48 66
48 67
48 74
48 86
48 89
48 75
48 82
48 71
48 70
48 87
48 50
48 69
48 53
48 54
48 73
48 81
48 58
48 60
49 70
49 71
49 74
49 76
49 81
49 83
49 62
50 72
50 76
50 77
50 75
50 67
50 78
50 88
50 83
50 54
50 56
50 84
50 59
50 60
50 61
50 62
51 68
51 65
51 67
51 66
51 77
51 78
51 84
51 80
51 71
51 82
51 83
51 52
51 53
51 57
51 62
52 67
52 73
52 74
52 83
52 66
52 79
52 76
52 53
52 54
52 57
53 64
53 65
53 76
53 75
53 78
53 79
53 84
53 87
53 69
53 80
53 54
53 57
53 59
53 89
54 65
54 66
54 75
54 70
54 80
54 83
54 84
54 85
54 86
54 81
54 55
54 88
54 87
54 59
54 62
54 63
55 64
55 65
55 66
55 68
55 86
55 73
55 77
55 81
55 83
55 78
55 88
55 79
55 76
55 87
55 89
55 74
55 57
55 58
55 60
55 61
56 86
56 67
56 68
56 70
56 75
56 83
56 85
56 57
56 87
56 59
56 74
57 71
57 76
57 74
57 77
57 79
57 75
57 85
57 82
57 58
57 59
57 60
57 62
57 63
58 66
58 70
58 74
58 76
58 81
58 87
58 68
58 86
58 82
58 88
58 89
58 59
59 69
59 65
59 86
59 71
59 84
59 76
59 72
59 83
59 73
59 60
60 67
60 66
60 80
60 84
60 78
60 81
60 87
60 70
60 61
60 62
60 85
61 65
61 68
61 72
61 74
61 87
61 78
61 79
61 81
61 85
61 73
62 65
62 83
62 67
62 68
62 75
62 76
62 80
62 85
62 70
63 66
63 69
63 64
63 77
63 82
63 83
63 84
63 86
63 87
63 81
63 76
63 73
63 74
64 65
64 83
64 68
64 76
64 77
64 80
64 81
64 67
64 84
64 88
64 71
64 70
64 73
64 79
65 67
65 76
65 75
65 88
66 86
66 69
66 74
66 79
66 80
66 84
66 85
66 87
66 82
67 68
67 73
67 74
67 75
67 82
67 87
67 89
67 69
67 71
68 70
68 71
68 74
68 75
68 79
68 80
68 87
68 81
68 82
69 71
69 73
69 77
69 81
69 83
69 86
69 87
69 80
69 88
69 85
70 71
70 72
70 77
70 81
70 80
71 72
71 79
71 83
71 76
71 78
71 86
71 87
72 82
72 87
72 89
73 76
73 77
73 79
73 83
73 75
73 80
74 81
74 84
74 83
74 82
75 77
75 83
76 87
76 79
76 83
76 85
76 86
76 88
76 89
77 79
77 80
77 88
77 83
77 89
78 79
78 80
78 82
78 85
78 88
78 81
79 86
79 87
79 81
79 83
79 82
79 89
80 83
80 82
80 81
81 84
81 85
82 87
82 89
82 83
82 85
83 87
83 89
84 86
84 88
85 87
85 86
86 87
86 88
88 89
