0 72
0 82
0 21
0 23
0 40
0 60
1 65
1 34
1 62
1 54
1 71
1 9
1 74
1 12
1 70
1 14
2 17
2 3
2 53
2 81
2 71
2 44
2 26
2 28
2 63
3 50
3 89
3 39
3 72
3 73
3 74
3 29
3 45
4 17
4 66
4 6
4 9
4 11
4 28
4 44
4 15
5 48
5 72
5 50
5 68
5 22
5 38
5 70
5 10
5 54
5 12
5 29
6 48
6 49
6 69
6 76
6 88
6 57
6 60
6 84
6 52
7 33
7 54
7 24
7 58
7 77
7 14
7 31
8 17
8 51
8 53
8 70
8 9
8 74
8 61
8 78
8 79
9 48
9 50
9 67
9 38
9 52
9 11
9 66
10 49
10 19
10 36
10 23
10 28
10 77
10 69
11 33
11 39
11 80
11 13
11 47
11 48
11 82
11 21
11 61
11 31
12 67
12 20
12 56
12 44
12 58
12 28
12 79
13 53
13 54
13 31
13 41
13 85
13 37
14 48
14 37
14 73
14 25
14 47
14 15
15 70
15 39
15 24
15 42
15 79
15 30
15 69
16 32
16 64
16 19
16 84
16 40
16 80
16 26
16 76
16 31
17 64
17 33
17 21
17 70
17 56
17 84
17 50
18 33
18 58
18 89
18 39
19 49
19 83
19 22
19 27
20 85
21 50
21 43
22 87
22 51
22 84
22 65
22 23
22 25
22 42
22 55
22 85
23 32
23 74
23 61
23 29
23 81
23 82
23 25
23 28
23 62
23 63
24 32
24 65
24 88
24 56
24 41
24 59
24 28
24 72
25 50
25 38
25 39
26 32
26 39
26 64
26 74
26 79
26 76
26 31
27 49
27 37
27 79
28 80
28 37
28 54
28 57
28 55
29 70
29 71
29 75
29 50
29 83
29 89
29 58
29 59
29 60
30 50
30 38
30 39
30 42
30 76
30 58
30 77
31 64
31 37
31 88
32 40
32 66
32 48
32 85
32 64
32 71
32 47
33 36
33 81
33 73
33 74
33 77
33 51
33 82
33 89
33 58
34 64
34 68
34 53
34 38
34 89
34 41
34 58
34 70
34 61
34 63
35 49
35 54
36 85
36 54
36 87
36 75
36 58
37 84
37 68
37 46
37 40
37 63
38 48
38 65
38 59
38 82
39 80
39 75
39 61
39 45
40 48
40 84
40 74
40 76
40 85
41 42
41 61
41 45
42 80
43 75
43 67
43 68
43 87
43 73
43 59
44 64
44 86
44 75
44 50
44 47
45 75
45 69
45 57
45 74
46 49
46 52
46 84
46 60
46 79
47 81
47 71
47 79
47 80
47 49
47 57
47 58
47 63
48 84
48 67
48 70
48 52
48 57
48 59
48 60
48 61
48 69
49 64
49 86
49 80
49 63
50 74
50 58
50 79
50 61
51 68
51 54
51 89
51 69
52 80
52 82
52 75
53 55
53 73
53 87
54 64
54 83
54 71
54 84
54 69
55 65
55 66
55 85
56 61
56 78
56 77
57 66
57 82
57 72
58 70
58 73
58 74
58 83
59 81
59 83
60 62
60 74
60 86
61 69
61 74
61 77
62 64
62 70
62 73
62 87
62 75
62 81
63 84
64 66
64 79
65 82
65 83
65 71
65 70
66 68
66 87
66 84
67 81
67 82
67 89
68 86
69 74
69 77
71 78
72 83
72 85
72 79
73 80
73 84
74 78
74 80
75 82
75 83
76 84
76 86
76 89
79 80
81 85
82 83
82 84
83 87
86 89
86 87
