0 1
0 2
0 35
0 68
0 39
0 40
0 13
0 79
0 72
0 50
0 84
0 86
0 15
1 33
1 35
1 6
1 38
1 39
1 8
1 44
1 78
1 80
1 17
1 83
1 84
1 57
1 29
1 30
2 64
2 75
2 7
2 42
2 43
2 15
2 48
2 17
2 18
2 51
2 20
2 62
2 57
2 58
2 59
2 30
2 31
3 27
3 36
3 49
3 72
3 10
3 7
3 14
3 17
3 18
3 84
3 87
3 26
3 59
3 31
4 84
4 36
4 74
4 70
4 40
4 9
4 10
4 43
4 12
4 14
4 47
4 48
4 82
4 52
4 54
4 68
4 28
4 44
4 62
5 32
5 34
5 67
5 36
5 70
5 7
5 11
5 44
5 45
5 77
5 15
5 49
5 19
5 20
5 85
5 54
5 55
5 56
6 66
6 67
6 69
6 65
6 72
6 75
6 13
6 14
6 79
6 17
6 18
6 86
6 89
6 25
6 31
6 81
6 42
6 45
6 46
6 47
6 52
6 54
6 55
6 57
6 59
6 61
7 71
7 12
7 74
7 75
7 76
7 13
7 78
7 19
7 88
7 25
7 31
7 40
7 47
7 50
7 51
7 56
7 57
7 58
7 62
7 63
8 69
8 40
8 10
8 23
8 46
8 47
8 81
8 82
8 20
8 53
8 55
8 25
8 87
8 74
8 31
9 33
9 35
9 49
9 39
9 40
9 11
9 77
9 17
9 51
9 69
9 89
9 23
9 84
9 27
9 62
9 37
10 32
10 41
10 74
10 14
10 48
10 82
10 52
10 53
10 23
10 68
11 33
11 34
11 68
11 39
11 74
11 71
11 45
11 78
11 49
11 18
11 51
11 89
11 56
11 25
11 60
11 29
11 63
12 32
12 48
12 50
12 54
12 64
12 57
12 87
12 55
12 60
13 66
13 72
13 74
13 76
13 14
13 15
13 80
13 17
13 18
13 21
13 79
13 30
13 32
13 35
13 39
13 40
13 42
13 78
13 82
13 50
13 56
13 58
14 66
14 37
14 72
14 75
14 47
14 81
14 79
14 26
14 27
14 70
14 63
15 36
15 55
15 44
15 78
15 81
15 18
15 86
15 23
15 58
15 30
15 37
16 51
16 83
16 36
16 37
16 70
16 81
16 72
16 42
16 79
16 49
16 82
16 19
16 20
16 21
16 87
16 56
16 27
16 85
17 37
17 33
17 39
17 77
17 47
17 34
17 19
17 41
17 23
17 79
17 60
17 62
17 69
18 35
18 76
18 45
18 56
18 24
18 72
18 58
18 47
18 29
19 80
19 34
19 35
19 72
19 73
19 43
19 77
19 46
19 20
19 78
19 84
19 59
19 28
19 29
20 65
20 67
20 39
20 74
20 75
20 34
20 49
20 50
20 52
20 53
20 55
20 56
20 58
20 30
21 34
21 37
21 39
21 73
21 76
21 66
21 52
21 86
21 88
21 57
21 47
21 28
21 69
22 32
22 65
22 34
22 67
22 36
22 43
22 76
22 66
22 80
22 54
22 87
22 68
22 26
22 27
22 60
22 62
23 51
23 34
23 69
23 70
23 44
23 78
23 42
23 56
23 24
23 25
23 27
23 29
23 31
24 65
24 67
24 38
24 72
24 73
24 74
24 44
24 46
24 85
24 54
24 26
24 61
25 33
25 37
25 74
25 77
25 47
25 82
25 51
25 55
25 61
26 51
26 35
26 68
26 70
26 72
26 75
26 77
26 49
26 54
26 59
26 28
26 31
27 67
27 36
27 44
27 79
27 84
27 58
27 63
28 64
28 37
28 38
28 39
28 40
28 44
28 77
28 51
28 54
28 89
28 59
28 61
28 30
29 68
29 69
29 72
29 75
29 76
29 78
29 81
29 86
29 36
29 38
29 41
29 44
29 82
29 46
29 83
29 53
29 54
29 58
29 61
30 43
30 88
30 51
30 85
30 83
30 84
30 58
30 59
30 61
30 63
31 68
31 54
31 40
31 87
31 44
31 34
31 79
31 80
31 49
31 82
31 52
32 33
32 36
32 41
32 42
32 77
32 45
32 48
32 50
32 83
32 84
32 82
32 56
32 54
32 85
33 34
33 35
33 68
33 37
33 38
33 39
33 77
33 47
33 85
33 86
33 57
33 59
33 61
33 69
34 81
34 39
34 42
34 45
34 47
34 59
34 86
35 64
35 71
35 77
35 45
35 48
35 72
35 85
35 86
35 87
35 60
35 63
36 65
36 66
36 76
36 44
36 77
36 47
36 49
36 82
36 84
36 58
37 67
37 70
37 75
37 76
37 80
37 82
37 84
37 87
37 78
37 40
37 43
37 44
37 48
37 52
37 58
38 70
38 41
38 74
38 75
38 79
38 81
38 82
38 83
38 85
38 87
38 71
38 62
39 64
39 42
39 60
39 46
39 45
39 76
39 71
39 62
40 83
40 43
40 78
40 60
40 49
40 50
40 51
40 89
40 58
41 68
41 77
41 79
41 51
41 84
41 87
41 56
41 88
42 69
42 43
42 78
42 82
42 54
42 56
42 89
42 59
43 73
43 44
43 46
43 49
43 78
43 89
43 72
43 88
44 64
44 66
44 67
44 70
44 49
44 52
44 57
44 58
45 68
45 66
45 49
45 57
45 61
45 81
46 64
46 61
46 84
46 57
46 60
46 62
47 65
47 66
47 68
47 70
47 87
47 76
47 77
47 84
47 78
47 51
47 53
47 58
48 66
48 79
48 67
48 89
48 61
48 62
49 66
49 79
49 67
49 83
49 57
49 59
49 62
50 67
50 64
50 74
50 72
50 83
50 54
50 55
50 56
50 59
51 64
51 87
51 74
51 76
51 77
51 89
51 59
51 61
52 64
52 68
52 71
52 53
53 69
53 71
53 84
53 85
53 57
53 88
53 60
54 68
54 77
54 88
54 82
54 89
54 70
54 55
54 56
54 57
55 68
55 71
55 83
55 88
55 58
55 60
55 69
55 63
56 66
56 67
56 72
56 77
56 80
56 81
56 85
56 75
56 58
56 63
57 68
57 71
57 79
57 88
57 70
57 85
58 72
58 73
58 75
58 81
58 83
58 88
58 82
58 63
59 72
59 76
59 77
59 86
59 89
60 66
60 73
60 89
60 75
60 67
60 83
60 88
60 61
61 67
61 70
61 88
61 82
61 73
62 83
62 85
62 89
63 66
63 70
63 74
63 79
63 67
63 86
64 72
64 75
64 79
64 87
65 67
65 68
65 70
65 73
65 84
65 85
66 86
66 76
66 68
66 88
67 76
67 87
67 73
67 89
68 75
68 69
68 74
68 89
69 70
69 71
69 74
69 88
69 89
70 73
70 75
70 81
70 85
71 82
71 89
71 85
72 75
72 79
72 84
72 78
72 87
73 82
73 84
73 87
74 76
74 79
74 81
74 82
74 85
75 76
75 82
75 78
75 89
75 85
76 78
76 77
76 87
76 86
77 84
77 85
77 86
77 87
78 84
78 88
79 84
79 85
80 81
82 89
82 83
82 84
82 87
85 86
85 88
