0 1
1 2
2 3
3 4
4 5
5 6
6 7
7 8
8 9
9 10
10 11
11 12
12 13
13 14
14 15
15 16
16 17
17 18
18 19
19 20
20 21
21 22
22 23
23 24
23 43
24 25
24 44
25 26
25 45
26 27
26 46
27 28
27 47
28 48
28 29
29 49
29 30
30 50
30 31
31 32
31 51
32 33
32 52
33 34
33 53
33 54
34 56
34 35
34 55
35 57
35 59
35 36
35 58
36 37
36 60
36 61
36 62
36 63
37 64
37 65
37 66
37 67
37 38
38 68
38 70
38 39
38 72
38 73
38 71
38 69
39 80
39 81
39 40
39 74
39 75
39 76
39 77
39 78
39 79
40 82
40 83
40 84
40 85
40 86
40 88
40 41
40 90
40 87
40 89
41 96
41 97
41 98
41 99
41 42
41 91
41 92
41 93
41 94
41 95
