0 1
1 2
2 3
3 4
4 5
5 6
6 7
7 8
8 9
9 10
10 11
11 12
12 13
13 14
14 15
15 16
16 17
17 18
18 19
19 20
20 21
21 22
22 23
23 24
24 25
25 26
26 27
27 28
28 29
28 46
29 30
29 47
30 48
30 31
31 32
31 49
32 33
32 50
33 34
33 51
34 35
34 52
35 36
35 53
36 37
36 54
37 38
37 55
38 56
38 39
39 40
39 57
39 58
40 41
40 59
40 60
40 61
41 64
41 65
41 66
41 42
41 62
41 63
42 67
42 68
42 69
42 70
42 71
42 72
42 43
43 76
43 80
43 79
43 73
43 75
43 44
43 74
43 78
43 77
44 81
44 82
44 83
44 84
44 85
44 86
44 87
44 88
44 89
44 90
44 91
44 92
44 93
44 94
44 95
44 96
44 97
44 98
44 99
44 100
44 101
44 102
44 103
44 104
44 45
