0 1
1 2
2 3
3 4
4 5
5 6
6 7
7 8
8 9
9 10
10 11
11 12
12 13
13 14
14 15
15 16
16 17
17 18
18 19
19 20
20 21
21 22
22 23
23 24
24 25
25 26
26 27
27 28
28 29
29 54
29 30
30 55
30 31
31 32
31 56
32 33
32 57
33 34
33 58
34 35
34 59
35 60
35 36
36 37
36 61
37 62
37 38
38 63
38 39
39 40
39 64
40 41
40 66
40 65
41 42
41 67
41 68
42 43
42 69
42 70
43 72
43 44
43 71
44 73
44 74
44 45
45 76
45 75
45 46
46 79
46 78
46 77
46 47
47 48
47 80
47 82
47 81
48 49
48 83
48 84
48 85
48 86
49 50
49 87
49 88
49 89
49 90
50 51
50 91
50 92
50 93
50 94
50 95
51 96
51 97
51 99
51 52
51 100
51 98
52 101
52 102
52 103
52 104
52 105
52 106
52 107
52 108
52 109
52 110
52 111
52 112
52 113
52 114
52 53
