0 1
1 2
2 3
3 4
4 5
5 6
6 7
7 8
8 9
9 10
10 11
11 12
12 13
13 14
14 15
15 16
16 17
17 18
18 19
19 20
20 21
21 22
22 23
23 24
24 25
25 26
26 27
27 28
28 29
29 30
30 31
31 32
32 33
33 34
34 35
35 36
36 37
37 38
38 39
39 40
40 41
41 42
42 43
43 44
44 45
45 61
45 46
46 62
46 47
47 48
47 63
48 64
48 49
49 65
49 50
50 66
50 51
51 68
51 67
51 52
52 53
52 70
52 69
53 72
53 54
53 71
54 73
54 74
54 55
55 56
55 75
55 76
55 77
56 80
56 81
56 82
56 57
56 78
56 79
57 88
57 83
57 84
57 85
57 86
57 87
57 58
58 59
58 89
58 90
58 91
58 92
58 93
58 94
59 96
59 97
59 98
59 99
59 100
59 101
59 102
59 103
59 104
59 105
59 106
59 107
59 108
59 109
59 60
59 95
