0 1
1 2
2 3
3 4
4 5
5 6
6 7
7 8
8 9
9 10
10 11
11 12
12 13
13 14
14 15
15 16
16 17
17 18
18 19
19 20
20 21
21 22
22 23
23 24
24 25
25 26
26 27
27 28
28 57
28 29
29 58
29 30
30 59
30 31
31 32
31 60
32 33
32 61
33 34
33 62
34 35
34 63
35 64
35 36
36 65
36 37
37 66
37 38
38 67
38 39
39 40
39 68
40 41
40 69
41 42
41 70
42 43
42 71
43 72
43 44
44 73
44 45
45 74
45 75
45 46
46 76
46 77
46 47
47 48
47 78
47 79
48 80
48 49
48 81
49 50
49 83
49 82
50 51
50 84
50 85
50 86
51 52
51 87
51 88
51 89
51 90
51 91
52 96
52 97
52 53
52 92
52 93
52 94
52 95
53 98
53 99
53 100
53 101
53 54
53 103
53 102
54 112
54 55
54 104
54 105
54 106
54 107
54 108
54 109
54 110
54 111
55 121
55 113
55 114
55 115
55 116
55 117
55 119
55 56
55 120
55 122
55 123
55 124
55 118
