0 1
1 2
2 3
3 4
4 5
5 6
6 7
7 8
8 9
9 10
10 11
11 12
12 13
13 14
14 15
15 16
16 17
17 18
18 19
19 20
20 21
21 22
22 23
23 24
24 25
25 26
26 27
27 28
28 29
29 30
30 31
31 32
32 33
33 34
34 35
35 36
36 57
36 37
37 58
37 38
38 59
38 39
39 40
39 60
40 41
40 61
41 42
41 62
42 43
42 63
43 64
43 44
44 65
44 45
45 66
45 46
46 67
46 47
47 48
47 68
47 69
48 49
48 71
48 70
49 72
49 50
49 73
50 75
50 74
50 51
50 76
51 80
51 52
51 77
51 78
51 79
52 81
52 82
52 83
52 84
52 53
52 85
53 54
53 86
53 87
53 88
53 89
53 90
53 91
54 96
54 97
54 98
54 99
54 100
54 101
54 102
54 55
54 92
54 93
54 94
54 95
55 118
55 103
55 104
55 105
55 106
55 107
55 108
55 109
55 110
55 111
55 112
55 113
55 114
55 115
55 116
55 117
55 119
55 56
