0 1
1 2
2 3
3 4
4 5
5 6
6 7
7 8
8 9
9 10
10 11
11 12
12 13
13 14
14 15
15 16
16 17
17 18
18 19
19 20
20 21
21 22
22 23
23 24
24 25
25 26
26 27
27 28
28 29
29 30
30 31
31 32
32 33
33 34
34 58
34 35
35 59
35 36
36 60
36 37
37 61
37 38
38 62
38 39
39 40
39 63
40 64
40 41
41 65
41 42
42 66
42 43
43 67
43 44
44 68
44 45
45 69
45 46
46 70
46 47
47 48
47 71
48 72
48 49
49 73
49 50
49 74
50 75
50 51
50 76
51 52
51 77
51 78
52 80
52 81
52 82
52 53
52 79
53 83
53 84
53 85
53 54
53 87
53 86
54 55
54 88
54 89
54 90
54 91
54 92
54 93
55 96
55 97
55 98
55 99
55 100
55 101
55 102
55 103
55 104
55 105
55 56
55 94
55 95
56 128
56 129
56 130
56 131
56 132
56 133
56 134
56 119
56 57
56 106
56 107
56 108
56 109
56 110
56 111
56 112
56 113
56 114
56 115
56 116
56 117
56 118
56 120
56 121
56 122
56 123
56 124
56 125
56 126
56 127
