0 1
1 2
2 3
3 4
4 5
5 6
6 7
7 8
8 9
9 10
10 11
11 12
12 13
13 14
14 15
15 16
16 17
17 18
18 19
19 20
20 21
21 22
22 23
23 24
24 25
25 26
26 27
27 28
28 29
29 30
30 31
31 32
32 33
33 34
34 35
35 36
36 37
37 66
37 38
38 67
38 39
39 40
39 68
40 41
40 69
41 42
41 70
42 43
42 71
43 72
43 44
44 73
44 45
45 74
45 46
46 75
46 47
47 48
47 76
48 49
48 77
49 50
49 78
49 79
50 80
50 51
50 81
51 83
51 52
51 82
52 84
52 53
52 85
53 86
53 54
53 87
54 88
54 89
54 55
55 56
55 90
55 91
56 57
56 92
56 93
57 58
57 94
57 95
58 96
58 59
58 97
59 100
59 99
59 60
59 98
60 101
60 102
60 103
60 104
60 61
61 108
61 105
61 106
61 107
61 109
61 62
62 112
62 113
62 114
62 63
62 110
62 111
63 64
63 115
63 116
63 117
63 118
63 119
63 120
64 128
64 65
64 129
64 127
64 121
64 122
64 123
64 124
64 125
64 126
