0 1
1 2
2 3
3 4
4 5
5 6
6 7
7 8
8 9
9 10
10 11
11 12
12 13
13 14
14 15
15 16
16 17
17 18
18 19
19 20
20 21
21 22
22 23
23 24
24 25
25 26
26 27
27 28
28 29
29 30
30 31
31 32
32 33
33 34
34 35
35 36
36 37
37 38
38 39
39 40
40 41
41 42
42 43
43 44
44 72
44 45
45 73
45 46
46 74
46 47
47 48
47 75
48 49
48 76
49 50
49 77
50 51
50 78
51 52
51 79
52 80
52 53
53 81
53 54
54 82
54 55
55 56
55 83
55 84
56 57
56 85
56 86
57 88
57 58
57 87
58 90
58 59
58 89
59 92
59 91
59 60
60 61
60 94
60 93
61 96
61 62
61 95
62 97
62 98
62 63
63 64
63 99
63 100
63 101
64 104
64 65
64 103
64 102
65 105
65 66
65 107
65 106
66 67
66 108
66 109
66 110
66 111
67 112
67 113
67 115
67 68
67 116
67 114
68 69
68 118
68 119
68 120
68 121
68 122
68 117
69 128
69 70
69 123
69 124
69 125
69 126
69 127
70 129
70 130
70 131
70 132
70 134
70 71
70 136
70 137
70 138
70 135
70 139
70 133
