0 1
1 2
2 3
3 4
4 5
5 6
6 7
7 8
8 9
9 10
10 11
11 12
12 13
13 14
14 15
15 16
16 17
17 18
18 19
19 20
20 21
21 22
22 23
23 24
24 25
25 26
26 27
27 28
28 29
29 30
30 31
31 32
32 33
33 34
34 35
35 36
36 37
37 38
38 39
39 40
40 41
40 63
41 64
41 42
42 43
42 65
43 44
43 66
44 67
44 45
45 68
45 46
46 69
46 47
47 48
47 70
48 49
48 71
49 72
49 50
50 74
50 51
50 73
51 76
51 75
51 52
52 53
52 78
52 77
53 80
53 54
53 79
54 81
54 82
54 83
54 55
55 56
55 86
55 84
55 85
56 88
56 57
56 87
56 89
57 58
57 91
57 92
57 90
57 93
58 96
58 97
58 98
58 59
58 94
58 95
59 99
59 100
59 101
59 102
59 103
59 60
60 104
60 105
60 106
60 107
60 108
60 109
60 110
60 111
60 112
60 113
60 61
61 128
61 129
61 130
61 131
61 132
61 133
61 134
61 135
61 136
61 137
61 138
61 62
61 140
61 141
61 142
61 143
61 144
61 139
61 114
61 115
61 116
61 117
61 118
61 119
61 120
61 121
61 122
61 123
61 124
61 125
61 126
61 127
