0 1
1 2
2 3
3 4
4 5
5 6
6 7
7 8
8 9
9 10
10 11
11 12
12 13
13 14
14 15
15 16
16 17
17 18
18 19
19 20
20 21
21 22
22 23
23 24
24 25
25 26
26 27
27 28
28 29
29 30
30 31
31 32
32 33
33 34
34 35
35 36
36 37
37 38
38 39
39 40
40 41
41 42
42 43
43 44
44 45
45 46
46 47
47 48
47 71
48 72
48 49
49 73
49 50
50 74
50 51
51 75
51 52
52 76
52 53
53 77
53 54
54 78
54 55
55 56
55 79
56 80
56 57
57 81
57 58
58 82
58 59
59 83
59 60
60 84
60 61
60 85
61 86
61 62
61 87
62 88
62 89
62 63
63 64
63 90
63 91
64 65
64 92
64 93
65 96
65 66
65 99
65 97
65 98
65 94
65 95
66 67
66 100
66 101
66 102
66 103
66 104
66 105
66 106
67 112
67 113
67 115
67 68
67 114
67 107
67 108
67 109
67 110
67 111
68 69
68 116
68 117
68 118
68 119
68 120
68 121
68 122
68 123
68 124
68 125
68 126
68 127
69 128
69 129
69 130
69 131
69 133
69 70
69 135
69 136
69 137
69 138
69 139
69 140
69 141
69 142
69 143
69 144
69 145
69 146
69 147
69 148
69 149
69 132
69 134
