0 1
1 2
2 3
3 4
4 5
5 6
6 7
7 8
8 9
9 10
10 11
11 12
12 13
13 14
14 15
15 16
16 17
17 18
18 19
19 20
20 21
21 22
22 23
23 24
24 25
25 26
26 27
27 28
28 29
29 30
30 31
31 32
32 33
33 34
34 35
35 36
36 37
37 38
38 39
39 40
40 41
41 42
42 43
43 44
44 45
45 46
46 47
47 48
47 72
48 49
48 73
49 50
49 74
50 75
50 51
51 76
51 52
52 53
52 77
53 78
53 54
54 79
54 55
55 56
55 80
56 57
56 81
57 58
57 82
58 83
58 59
58 84
59 60
59 85
59 86
60 88
60 61
60 87
61 89
61 90
61 62
62 91
62 92
62 93
62 63
63 64
63 96
63 97
63 94
63 95
64 65
64 98
64 99
64 100
64 101
65 66
65 102
65 103
65 104
65 105
65 106
66 112
66 67
66 107
66 108
66 109
66 110
66 111
67 113
67 115
67 68
67 117
67 118
67 116
67 114
68 69
68 119
68 120
68 121
68 122
68 123
68 124
68 125
68 126
68 127
69 128
69 129
69 130
69 131
69 133
69 70
69 135
69 136
69 132
69 134
70 71
70 137
70 138
70 139
70 140
70 141
70 142
70 143
70 144
70 145
70 146
70 147
70 148
70 149
70 150
70 151
70 152
70 153
70 154
