0 1
1 2
2 3
3 4
4 5
5 6
6 7
7 8
8 9
9 10
10 11
11 12
12 13
13 14
14 15
15 16
16 17
17 18
18 19
19 20
20 21
21 22
22 23
23 24
24 25
25 26
26 27
27 28
28 29
29 30
30 31
31 32
32 33
33 34
34 35
35 36
36 37
37 38
38 39
39 40
39 53
40 41
40 54
41 42
41 55
42 56
42 43
43 57
43 44
44 58
44 45
45 59
45 46
46 60
46 47
47 48
47 62
47 61
48 64
48 49
48 63
49 65
49 50
49 67
49 68
49 69
49 66
50 51
50 70
50 71
50 72
50 73
50 74
50 75
51 76
51 82
51 78
51 77
51 80
51 81
51 83
51 52
51 85
51 86
51 87
51 88
51 84
51 79
51 89
