0 1
1 2
2 3
3 4
4 5
5 6
6 7
7 8
8 9
9 10
10 11
11 12
12 13
13 14
14 15
15 16
16 17
17 18
18 19
19 20
20 21
21 22
22 23
23 24
24 25
25 26
26 27
27 28
28 29
29 30
30 47
30 31
31 32
31 48
32 33
32 49
33 34
33 50
34 35
34 51
35 52
35 36
36 37
36 53
37 54
37 38
38 55
38 39
39 40
39 56
40 41
40 58
40 57
41 42
41 59
41 60
42 64
42 43
42 61
42 62
42 63
43 65
43 66
43 67
43 68
43 69
43 44
44 75
44 70
44 71
44 72
44 73
44 74
44 76
44 45
45 93
45 77
45 46
45 79
45 80
45 81
45 82
45 83
45 84
45 85
45 86
45 87
45 88
45 89
45 90
45 91
45 92
45 78
45 94
