0 1
0 2
0 3
0 4
0 5
0 6
0 7
0 8
0 9
0 10
0 11
0 12
0 13
14 15
14 16
14 17
14 18
14 19
14 20
14 21
14 22
14 23
14 24
14 25
14 26
14 27
14 28
14 29
14 30
14 31
14 32
14 33
14 34
14 35
14 36
14 37
38 39
38 16
38 40
38 41
38 18
38 19
38 42
38 20
38 21
38 23
38 24
38 25
38 43
38 44
38 27
38 45
38 46
38 29
38 30
38 32
38 33
38 34
38 47
38 35
38 48
38 36
38 49
38 50
38 51
38 52
15 39
15 16
15 40
15 17
15 18
15 19
15 20
15 21
15 22
15 23
15 24
15 25
15 26
15 27
15 45
15 28
15 53
15 46
15 29
15 30
15 31
15 32
15 33
15 34
15 47
15 54
15 35
15 36
15 49
15 55
15 37
15 50
15 51
15 52
39 40
39 41
39 18
39 19
39 42
39 21
39 23
39 25
39 43
39 44
39 27
39 45
39 46
39 29
39 30
39 56
39 47
39 48
39 36
39 49
39 50
39 51
39 52
1 2
1 3
1 4
1 5
1 6
1 8
1 9
1 10
1 11
1 12
1 13
2 3
2 4
2 5
2 6
2 8
2 11
2 12
2 13
3 6
3 8
3 11
3 12
3 13
16 40
16 41
16 17
16 18
16 19
16 20
16 21
16 22
16 23
16 24
16 25
16 43
16 26
16 27
16 45
16 28
16 53
16 46
16 29
16 30
16 31
16 32
16 33
16 34
16 56
16 57
16 47
16 54
16 58
16 35
16 36
16 55
16 37
16 50
16 51
16 59
16 52
16 60
40 41
40 17
40 18
40 19
40 42
40 20
40 21
40 61
40 22
40 23
40 24
40 25
40 43
40 44
40 27
40 45
40 28
40 53
40 46
40 29
40 30
40 31
40 32
40 33
40 34
40 56
40 57
40 47
40 54
40 58
40 35
40 48
40 36
40 49
40 55
40 50
40 51
40 59
40 52
41 18
41 19
41 42
41 20
41 21
41 22
41 23
41 24
41 25
41 43
41 44
41 27
41 45
41 53
41 46
41 29
41 30
41 32
41 33
41 34
41 56
41 57
41 47
41 54
41 58
41 35
41 48
41 36
41 49
41 55
41 50
41 51
41 59
41 52
41 60
17 18
17 19
17 42
17 20
17 21
17 22
17 23
17 24
17 25
17 43
17 44
17 26
17 27
17 45
17 28
17 53
17 46
17 29
17 30
17 31
17 32
17 33
17 34
17 54
17 35
17 48
17 36
17 55
17 37
17 50
17 51
17 52
18 19
18 42
18 20
18 21
18 22
18 23
18 24
18 25
18 43
18 26
18 27
18 45
18 28
18 53
18 46
18 29
18 30
18 31
18 32
18 33
18 34
18 62
18 56
18 57
18 47
18 54
18 58
18 35
18 48
18 36
18 49
18 55
18 37
18 50
18 51
18 59
18 52
18 60
19 42
19 20
19 21
19 61
19 22
19 23
19 24
19 25
19 43
19 44
19 26
19 6
19 27
19 45
19 28
19 53
19 46
19 29
19 30
19 31
19 32
19 33
19 34
19 62
19 56
19 57
19 47
19 54
19 58
19 35
19 48
19 36
19 49
19 55
19 37
19 50
19 51
19 59
19 52
19 13
19 60
42 20
42 21
42 61
42 23
42 24
42 25
42 43
42 44
42 27
42 45
42 28
42 29
42 30
42 32
42 33
42 34
42 62
42 56
42 57
42 47
42 54
42 58
42 35
42 48
42 36
42 49
42 55
42 50
42 51
42 59
42 60
20 21
20 22
20 23
20 24
20 25
20 43
20 26
20 27
20 45
20 28
20 53
20 46
20 29
20 30
20 31
20 32
20 33
20 34
20 56
20 47
20 54
20 58
20 35
20 48
20 36
20 55
20 37
20 50
20 51
20 59
20 52
20 60
21 61
21 22
21 23
21 24
21 25
21 43
21 44
21 26
21 6
21 27
21 45
21 28
21 53
21 46
21 29
21 30
21 31
21 32
21 33
21 34
21 62
21 56
21 57
21 47
21 54
21 58
21 35
21 48
21 36
21 49
21 55
21 37
21 50
21 51
21 59
21 52
21 13
21 60
61 23
61 25
61 43
61 44
61 26
61 27
61 45
61 53
61 46
61 29
61 30
61 56
61 57
61 47
61 54
61 58
61 48
61 36
61 55
61 37
61 50
61 51
61 52
22 23
22 24
22 25
22 43
22 26
22 27
22 45
22 28
22 53
22 46
22 29
22 30
22 31
22 32
22 33
22 34
22 57
22 47
22 54
22 35
22 48
22 36
22 55
22 37
22 50
22 51
22 52
23 24
23 25
23 43
23 44
23 26
23 6
23 27
23 45
23 28
23 53
23 46
23 29
23 30
23 31
23 32
23 33
23 34
23 62
23 56
23 57
23 47
23 54
23 58
23 35
23 48
23 36
23 49
23 55
23 37
23 50
23 51
23 52
23 60
4 5
4 6
4 7
4 8
4 9
4 10
4 11
4 12
4 13
24 25
24 43
24 26
24 27
24 45
24 28
24 53
24 46
24 29
24 30
24 31
24 32
24 33
24 34
24 56
24 47
24 54
24 58
24 35
24 48
24 36
24 55
24 37
24 50
24 51
24 59
24 52
24 60
63 27
63 50
63 59
63 60
5 6
5 7
5 8
5 9
5 10
5 11
5 12
5 13
25 43
25 44
25 26
25 27
25 45
25 28
25 53
25 46
25 29
25 30
25 31
25 32
25 33
25 34
25 62
25 56
25 57
25 47
25 54
25 58
25 35
25 48
25 36
25 49
25 55
25 37
25 50
25 51
25 59
25 52
25 60
43 44
43 26
43 27
43 45
43 28
43 53
43 46
43 29
43 30
43 32
43 33
43 34
43 62
43 56
43 57
43 47
43 54
43 58
43 35
43 48
43 36
43 49
43 55
43 37
43 50
43 51
43 59
43 52
43 60
44 27
44 45
44 28
44 29
44 30
44 34
44 62
44 56
44 57
44 47
44 54
44 58
44 35
44 48
44 36
44 49
44 55
44 50
44 51
44 59
44 60
26 27
26 45
26 28
26 53
26 29
26 30
26 31
26 32
26 33
26 34
26 56
26 57
26 58
26 35
26 36
26 55
26 37
26 50
26 51
26 60
6 7
6 30
6 8
6 9
6 10
6 11
6 12
6 13
27 45
27 28
27 53
27 46
27 29
27 30
27 32
27 33
27 34
27 62
27 56
27 57
27 47
27 54
27 58
27 35
27 48
27 36
27 49
27 55
27 37
27 50
27 51
27 59
27 52
27 60
45 28
45 53
45 46
45 29
45 30
45 31
45 32
45 33
45 34
45 56
45 57
45 47
45 54
45 58
45 35
45 48
45 36
45 49
45 55
45 37
45 50
45 51
45 59
45 52
45 60
28 53
28 46
28 29
28 30
28 31
28 32
28 33
28 34
28 47
28 54
28 58
28 35
28 48
28 36
28 55
28 37
28 50
28 51
28 52
53 46
53 29
53 30
53 31
53 32
53 33
53 34
53 56
53 57
53 47
53 54
53 58
53 35
53 48
53 36
53 55
53 37
53 50
53 51
53 52
46 29
46 30
46 31
46 32
46 33
46 34
46 56
46 57
46 47
46 54
46 58
46 35
46 48
46 36
46 49
46 50
46 51
46 59
46 52
7 8
7 11
7 12
7 13
29 30
29 31
29 32
29 33
29 34
29 62
29 56
29 57
29 47
29 54
29 58
29 35
29 48
29 36
29 49
29 55
29 37
29 50
29 51
29 59
29 52
29 60
30 31
30 8
30 32
30 33
30 34
30 62
30 56
30 57
30 47
30 54
30 58
30 35
30 48
30 36
30 49
30 55
30 37
30 50
30 51
30 59
30 52
30 13
30 60
31 32
31 33
31 34
31 54
31 35
31 55
31 37
31 50
31 51
31 52
8 9
8 10
8 11
8 12
8 13
32 33
32 34
32 56
32 57
32 47
32 54
32 58
32 35
32 48
32 36
32 55
32 37
32 50
32 51
32 59
32 52
32 60
9 10
9 11
9 12
9 13
33 34
33 56
33 47
33 54
33 58
33 35
33 48
33 36
33 55
33 37
33 50
33 51
33 59
33 52
33 60
34 62
34 56
34 47
34 54
34 35
34 48
34 36
34 37
34 50
34 51
34 59
34 52
34 60
62 57
62 47
62 58
62 48
62 36
62 50
62 51
62 59
62 60
56 57
56 47
56 54
56 58
56 35
56 48
56 36
56 49
56 55
56 37
56 50
56 51
56 52
57 47
57 54
57 58
57 48
57 36
57 55
57 37
57 50
57 51
57 59
57 52
47 54
47 58
47 35
47 48
47 36
47 49
47 50
47 51
47 59
47 52
47 60
54 58
54 35
54 36
54 55
54 50
54 51
54 52
58 48
58 36
58 55
58 37
58 50
58 51
58 59
58 52
58 60
35 48
35 36
35 37
35 50
35 51
35 59
35 52
35 60
48 36
48 49
48 55
48 50
48 51
48 59
48 52
48 60
10 11
10 12
10 13
36 49
36 55
36 37
36 50
36 51
36 59
36 52
36 60
11 12
11 13
49 50
49 51
49 52
55 37
55 50
55 51
37 50
37 51
50 51
50 59
50 52
50 60
51 59
51 52
51 60
59 60
12 13
