0 1
0 2
0 3
0 4
0 5
0 6
0 7
0 8
0 9
0 10
0 11
0 12
0 13
0 14
0 15
0 16
0 17
0 18
0 19
0 20
0 21
22 4
22 6
22 23
22 12
22 24
22 14
22 15
22 25
22 26
27 13
1 2
1 28
1 3
1 4
1 6
1 23
1 8
1 9
1 10
1 11
1 12
1 24
1 13
1 14
1 15
1 16
1 29
1 17
1 18
1 19
1 20
1 21
2 3
2 4
2 6
2 7
2 8
2 9
2 10
2 11
2 12
2 13
2 14
2 16
2 29
2 17
2 18
2 19
2 20
2 21
28 7
28 13
28 17
28 18
28 19
28 21
3 6
3 9
3 13
3 17
3 18
3 19
3 20
3 21
4 6
4 23
4 8
4 9
4 11
4 12
4 24
4 14
4 15
4 16
4 25
4 18
4 20
4 21
4 26
5 13
5 17
6 23
6 8
6 9
6 10
6 11
6 12
6 24
6 13
6 14
6 15
6 16
6 29
6 25
6 17
6 18
6 20
6 21
6 26
7 9
7 12
7 13
7 14
7 16
7 17
7 18
7 19
7 20
7 21
23 8
23 9
23 11
23 12
23 24
23 14
23 15
23 16
23 25
23 18
23 20
23 26
8 9
8 10
8 11
8 12
8 24
8 13
8 14
8 15
8 16
8 17
8 18
8 19
8 20
8 21
9 11
9 12
9 24
9 13
9 14
9 15
9 16
9 29
9 17
9 18
9 20
9 21
10 13
10 15
10 29
10 18
10 21
11 12
11 13
11 14
11 15
11 16
11 18
11 20
12 13
12 14
12 15
12 16
12 29
12 18
12 20
12 26
24 14
24 15
24 25
24 18
24 20
24 26
13 14
13 15
13 29
13 17
13 18
13 19
13 20
13 21
14 15
14 16
14 25
14 17
14 18
14 19
14 20
14 21
14 26
15 16
15 29
15 25
15 18
15 20
15 26
16 18
16 20
16 21
29 20
29 21
25 26
17 18
17 19
17 20
17 21
18 19
18 20
18 21
19 21
20 21
