0 1
0 2
0 3
0 4
5 6
5 7
5 8
5 9
5 10
5 1
5 2
5 11
5 12
5 13
5 14
5 15
5 16
5 17
5 18
5 19
5 20
5 21
5 4
5 22
5 23
6 7
6 8
6 9
6 10
6 2
6 11
6 12
6 13
6 14
6 16
6 20
6 22
6 23
7 8
7 9
7 10
7 2
7 11
7 12
7 13
7 14
7 24
7 25
7 16
7 17
7 18
7 20
7 21
7 22
7 26
7 23
8 9
8 10
8 2
8 11
8 12
8 13
8 14
8 24
8 16
8 17
8 18
8 20
8 21
8 22
8 26
8 23
9 27
9 10
9 2
9 11
9 12
9 13
9 14
9 24
9 28
9 16
9 17
9 18
9 19
9 20
9 21
9 22
9 26
9 23
27 11
27 13
27 14
27 28
27 20
27 22
10 2
10 11
10 12
10 13
10 14
10 16
10 17
10 20
10 21
10 22
10 23
1 3
1 16
1 19
1 4
2 11
2 12
2 13
2 14
2 24
2 15
2 16
2 17
2 18
2 19
2 20
2 21
2 22
2 26
2 23
11 12
11 13
11 14
11 24
11 28
11 16
11 17
11 18
11 19
11 20
11 21
11 22
11 23
12 13
12 14
12 24
12 15
12 16
12 17
12 18
12 20
12 21
12 22
12 23
13 14
13 24
13 28
13 16
13 17
13 18
13 19
13 20
13 21
13 22
13 23
3 4
14 24
14 28
14 16
14 17
14 18
14 20
14 21
14 22
14 23
24 25
24 18
24 20
24 22
24 26
28 22
15 20
25 26
16 17
16 18
16 19
16 20
16 21
16 22
16 26
16 23
17 18
17 20
17 21
17 22
17 23
18 20
18 21
18 22
18 23
19 22
20 21
20 22
20 23
21 22
21 23
22 23
