0 1
0 2
0 3
0 4
0 5
0 6
0 7
0 8
0 9
0 10
0 11
0 12
0 13
0 14
0 15
0 16
0 17
0 18
0 19
0 20
0 21
0 22
0 23
0 24
0 25
0 26
0 27
1 2
1 3
1 28
1 29
1 4
1 5
1 6
1 30
1 31
1 32
1 7
1 33
1 34
1 8
1 9
1 35
1 11
1 13
1 14
1 15
1 16
1 17
1 36
1 18
1 20
1 21
1 22
1 23
1 24
1 37
1 25
1 38
1 26
1 27
39 3
39 28
39 29
39 30
39 31
39 32
39 33
39 34
39 9
39 10
39 15
39 17
39 36
39 21
39 22
39 24
39 38
39 26
2 3
2 4
2 6
2 31
2 7
2 34
2 8
2 9
2 40
2 35
2 11
2 12
2 14
2 16
2 17
2 18
2 19
2 20
2 21
2 23
2 24
2 37
2 25
2 26
2 27
3 5
3 6
3 41
3 31
3 32
3 7
3 34
3 8
3 9
3 10
3 13
3 14
3 15
3 16
3 17
3 36
3 18
3 19
3 20
3 21
3 22
3 24
3 25
3 38
3 26
3 27
28 29
28 6
28 30
28 31
28 32
28 7
28 33
28 34
28 9
28 10
28 14
28 15
28 17
28 36
28 21
28 22
28 23
28 24
28 25
28 38
28 42
28 27
29 6
29 30
29 31
29 32
29 33
29 34
29 8
29 9
29 10
29 15
29 17
29 36
29 21
29 22
29 23
29 24
29 25
29 38
29 42
29 27
4 6
4 31
4 7
4 34
4 8
4 9
4 13
4 14
4 16
4 17
4 36
4 18
4 21
4 22
4 23
4 24
4 25
4 38
4 26
4 27
5 6
5 41
5 31
5 32
5 7
5 34
5 8
5 9
5 10
5 14
5 15
5 16
5 17
5 36
5 18
5 19
5 20
5 21
5 22
5 24
5 43
5 25
5 38
5 26
5 27
6 30
6 31
6 7
6 33
6 9
6 10
6 14
6 15
6 16
6 17
6 18
6 20
6 21
6 23
6 24
6 25
6 26
6 27
30 31
30 32
30 7
30 33
30 34
30 8
30 9
30 10
30 15
30 16
30 17
30 36
30 21
30 22
30 23
30 24
30 25
30 38
30 42
30 27
41 7
41 8
41 9
41 14
41 16
41 18
41 19
41 20
41 21
41 24
41 43
41 26
41 27
31 32
31 7
31 33
31 34
31 9
31 10
31 14
31 15
31 16
31 17
31 36
31 18
31 19
31 20
31 21
31 22
31 24
31 38
31 26
31 27
32 33
32 34
32 9
32 10
32 14
32 15
32 16
32 36
32 18
32 21
32 22
32 24
32 38
32 26
32 27
7 33
7 34
7 8
7 9
7 10
7 40
7 11
7 14
7 16
7 44
7 17
7 18
7 20
7 21
7 23
7 24
7 25
7 26
7 27
33 34
33 8
33 9
33 10
33 15
33 36
33 21
33 22
33 23
33 24
33 25
33 38
33 42
33 27
34 9
34 10
34 14
34 15
34 16
34 17
34 36
34 18
34 20
34 21
34 22
34 24
34 38
34 26
34 42
34 27
8 9
8 16
8 17
8 18
8 19
8 21
8 23
8 24
8 25
8 26
8 27
45 9
45 14
45 16
45 21
45 24
9 10
9 35
9 11
9 12
9 14
9 15
9 16
9 17
9 36
9 18
9 19
9 20
9 21
9 22
9 23
9 24
9 37
9 25
9 38
9 26
9 27
10 11
10 15
10 16
10 36
10 18
10 20
10 21
10 22
10 24
10 38
10 26
10 42
10 27
40 16
40 17
40 21
40 27
35 11
35 12
35 16
35 18
35 21
35 24
35 37
35 27
11 12
11 16
11 18
11 21
11 24
11 37
11 25
11 27
12 16
12 18
12 20
12 21
12 24
12 37
12 27
13 16
13 17
14 15
14 16
14 17
14 36
14 18
14 19
14 20
14 21
14 22
14 24
14 25
14 38
14 26
14 27
15 16
15 36
15 18
15 20
15 21
15 22
15 24
15 38
15 26
15 27
16 17
16 36
16 18
16 19
16 20
16 21
16 22
16 23
16 24
16 37
16 25
16 38
16 26
16 27
44 17
44 21
17 18
17 19
17 20
17 21
17 23
17 24
17 25
17 26
17 27
36 18
36 21
36 22
36 24
36 38
36 26
36 27
18 19
18 20
18 21
18 22
18 23
18 24
18 37
18 25
18 38
18 26
18 27
19 20
19 21
19 24
19 43
19 26
19 27
20 21
20 23
20 24
20 25
20 26
20 27
21 22
21 23
21 24
21 37
21 43
21 25
21 38
21 26
21 42
21 27
22 24
22 25
22 38
22 26
22 27
23 24
23 25
23 27
24 37
24 25
24 38
24 26
24 27
37 27
25 26
25 27
38 26
38 27
26 27
42 27
