0 1
0 2
0 3
0 4
0 5
0 6
0 7
0 8
0 9
0 10
0 11
0 12
0 13
0 14
0 15
0 16
0 17
0 18
0 19
0 20
0 21
0 22
0 23
0 24
0 25
0 26
0 27
0 28
1 2
1 3
1 4
1 5
1 6
1 8
1 9
1 11
1 12
1 13
1 14
1 15
1 17
1 18
1 20
1 22
1 23
1 24
1 25
1 26
1 27
1 28
2 6
2 29
2 8
2 9
2 10
2 12
2 30
2 15
2 31
2 32
2 19
2 20
2 21
2 24
2 27
2 28
3 6
3 8
3 9
3 10
3 11
3 12
3 13
3 15
3 19
3 20
3 21
3 22
3 23
3 24
3 33
34 9
34 31
34 32
34 35
4 5
4 6
4 7
4 8
4 9
4 11
4 12
4 13
4 14
4 15
4 16
4 17
4 18
4 36
4 20
4 22
4 24
4 37
4 25
4 26
4 27
4 28
5 6
5 7
5 8
5 9
5 11
5 12
5 13
5 14
5 15
5 16
5 17
5 18
5 36
5 20
5 22
5 37
5 25
5 26
5 27
5 28
6 7
6 29
6 8
6 9
6 10
6 11
6 12
6 13
6 14
6 15
6 31
6 16
6 17
6 18
6 19
6 20
6 21
6 22
6 23
6 24
6 37
6 25
6 26
6 27
6 28
7 9
7 12
7 13
7 14
7 15
7 16
7 17
7 18
7 20
7 22
7 37
7 25
7 26
7 27
7 28
29 9
29 10
29 12
29 30
29 15
29 31
29 32
29 19
29 21
29 27
8 11
8 12
8 13
8 15
8 16
8 17
8 18
8 20
8 22
8 23
8 24
8 33
8 25
8 26
8 27
9 10
9 11
9 12
9 30
9 15
9 31
9 16
9 17
9 32
9 18
9 19
9 36
9 21
9 22
9 23
9 24
9 25
9 26
9 35
10 12
10 30
10 15
10 31
10 32
10 19
10 21
10 24
10 28
11 12
11 13
11 15
11 17
11 18
11 20
11 22
11 23
11 24
11 33
12 13
12 14
12 15
12 31
12 16
12 17
12 18
12 19
12 36
12 20
12 21
12 22
12 23
12 24
12 37
12 25
12 26
12 27
12 28
30 31
30 32
30 19
30 21
13 14
13 15
13 16
13 17
13 18
13 22
13 25
13 26
13 27
13 28
14 15
14 16
14 17
14 18
14 20
14 22
14 23
14 25
14 26
14 27
15 31
15 16
15 17
15 18
15 19
15 20
15 21
15 22
15 23
15 24
15 37
15 25
15 26
15 27
15 28
31 32
31 19
31 36
31 24
31 35
16 17
16 18
16 20
16 22
16 25
16 26
16 27
16 28
17 18
17 36
17 20
17 22
17 37
17 25
17 26
17 27
17 28
32 19
32 21
32 35
18 36
18 20
18 22
18 37
18 25
18 26
18 27
18 28
19 21
19 24
19 28
36 21
36 24
20 23
20 37
20 25
20 26
20 27
20 28
21 23
21 24
21 26
21 28
22 25
22 26
22 27
22 28
23 24
23 33
33 37
37 26
37 28
25 26
25 27
25 28
26 27
26 28
27 28
