0 1
0 2
0 3
0 4
0 5
0 6
0 7
0 8
0 9
0 10
0 11
0 12
0 13
0 14
0 15
0 16
0 17
0 18
0 19
0 20
1 2
1 3
1 5
1 6
1 7
1 8
1 9
1 10
1 12
1 13
1 14
1 15
1 16
1 17
1 18
2 3
2 5
2 6
2 7
2 8
2 9
2 10
2 12
2 13
2 14
2 15
2 16
2 17
2 18
2 20
21 10
21 22
3 4
3 5
3 6
3 7
3 8
3 9
3 10
3 12
3 13
3 14
3 15
3 16
3 17
3 18
3 19
3 20
4 6
4 7
4 10
4 22
4 14
4 16
4 17
4 20
23 24
23 25
23 26
24 25
24 8
24 26
24 9
24 10
24 14
5 8
5 9
5 10
5 12
5 13
5 14
5 15
5 16
5 17
5 18
6 7
6 9
6 10
6 11
6 13
6 14
6 15
6 16
6 17
6 20
25 8
25 26
25 10
25 12
25 14
7 9
7 10
7 11
7 12
7 13
7 14
7 15
7 16
7 17
7 19
7 20
8 9
8 10
8 12
8 13
8 14
8 15
8 16
8 17
8 18
26 10
26 16
9 10
9 12
9 13
9 14
9 15
9 16
9 17
9 18
10 12
10 13
10 22
10 14
10 15
10 16
10 17
10 18
10 19
10 20
12 13
12 14
12 15
12 16
12 17
12 18
13 14
13 15
13 16
13 17
13 18
14 15
14 16
14 17
14 18
14 19
14 20
15 16
15 17
15 18
16 17
16 18
17 18
17 19
17 20
