0 1
0 2
0 3
0 4
0 5
0 6
0 7
0 8
0 9
10 11
10 12
10 13
10 14
10 15
10 16
10 17
10 18
10 19
10 20
10 21
10 22
10 23
10 24
10 25
10 26
10 27
10 28
1 2
1 3
1 5
1 8
1 9
2 3
2 4
2 5
2 7
2 8
2 9
11 12
11 29
11 13
11 30
11 14
11 15
11 16
11 17
11 31
11 32
11 18
11 19
11 20
11 33
11 34
11 21
11 22
11 23
11 24
11 35
11 25
11 36
11 26
11 27
11 28
12 37
12 29
12 13
12 38
12 30
12 14
12 15
12 16
12 17
12 31
12 32
12 18
12 19
12 20
12 33
12 34
12 21
12 22
12 39
12 23
12 24
12 35
12 25
12 36
12 26
12 27
12 28
37 29
37 13
37 30
37 15
37 16
37 17
37 31
37 40
37 32
37 18
37 20
37 33
37 34
37 21
37 22
37 39
37 23
37 35
37 25
37 41
37 36
37 27
29 13
29 38
29 30
29 14
29 15
29 16
29 17
29 31
29 40
29 32
29 18
29 19
29 20
29 33
29 34
29 21
29 22
29 39
29 23
29 24
29 35
29 25
29 41
29 36
29 27
29 28
13 38
13 30
13 14
13 15
13 16
13 17
13 31
13 40
13 32
13 18
13 19
13 20
13 33
13 34
13 21
13 22
13 39
13 23
13 24
13 35
13 25
13 41
13 36
13 26
13 27
13 28
38 14
38 15
38 16
38 17
38 40
38 32
38 18
38 33
38 21
38 22
38 23
38 35
38 25
38 41
38 36
38 27
3 4
3 5
3 8
3 9
30 14
30 15
30 16
30 17
30 31
30 32
30 18
30 19
30 33
30 21
30 22
30 39
30 23
30 24
30 35
30 25
30 36
30 27
30 28
14 15
14 16
14 17
14 31
14 32
14 18
14 19
14 20
14 33
14 34
14 21
14 22
14 23
14 24
14 35
14 25
14 36
14 26
14 27
14 28
15 16
15 17
15 42
15 31
15 40
15 32
15 18
15 19
15 20
15 33
15 34
15 21
15 22
15 39
15 23
15 24
15 35
15 25
15 41
15 43
15 36
15 26
15 27
15 28
4 5
4 7
4 8
4 9
16 17
16 31
16 40
16 32
16 18
16 19
16 20
16 33
16 34
16 21
16 22
16 39
16 23
16 24
16 35
16 25
16 41
16 36
16 26
16 27
16 28
17 31
17 40
17 32
17 18
17 19
17 20
17 33
17 34
17 21
17 22
17 23
17 24
17 35
17 25
17 41
17 36
17 26
17 27
17 28
5 7
5 8
5 9
42 18
31 40
31 32
31 18
31 19
31 20
31 33
31 34
31 21
31 22
31 39
31 23
31 24
31 35
31 25
31 41
31 36
31 27
31 28
40 32
40 18
40 19
40 33
40 34
40 21
40 22
40 39
40 23
40 24
40 35
40 25
40 41
40 36
40 27
40 28
32 18
32 19
32 20
32 33
32 34
32 21
32 22
32 39
32 23
32 24
32 35
32 25
32 41
32 36
32 27
32 28
18 19
18 20
18 33
18 34
18 21
18 22
18 39
18 23
18 24
18 35
18 25
18 41
18 36
18 26
18 27
18 28
6 7
6 8
19 20
19 33
19 34
19 21
19 22
19 23
19 24
19 35
19 25
19 41
19 36
19 26
19 27
19 28
20 33
20 34
20 21
20 22
20 23
20 24
20 35
20 25
20 36
20 26
20 27
20 28
33 34
33 21
33 22
33 39
33 23
33 24
33 35
33 25
33 41
33 36
33 27
33 28
7 8
34 21
34 22
34 23
34 24
34 35
34 25
34 41
34 36
34 27
34 28
8 9
21 22
21 39
21 23
21 24
21 35
21 25
21 41
21 36
21 26
21 27
21 28
22 39
22 23
22 24
22 35
22 25
22 41
22 36
22 26
22 27
22 28
39 23
39 35
39 25
39 41
39 36
39 27
23 24
23 35
23 25
23 41
23 36
23 26
23 27
23 28
24 35
24 25
24 41
24 36
24 26
24 27
24 28
35 25
35 41
35 36
35 27
35 28
25 41
25 36
25 26
25 27
25 28
41 36
41 27
41 28
36 27
36 28
26 27
26 28
27 28
