0 1
0 2
0 3
0 4
0 5
0 6
0 7
0 8
0 9
0 10
0 11
0 12
0 13
0 14
0 15
0 16
0 17
0 18
0 19
0 20
0 21
0 22
0 23
1 24
1 25
1 26
1 2
1 27
1 28
1 29
1 30
1 3
1 4
1 5
1 6
1 31
1 32
1 7
1 33
1 8
1 9
1 10
1 11
1 34
1 35
1 36
1 12
1 13
1 37
1 14
1 15
1 16
1 17
1 38
1 18
1 19
1 20
1 21
1 39
1 22
1 40
1 41
1 42
1 23
1 43
1 44
24 26
24 2
24 45
24 29
24 30
24 3
24 4
24 5
24 6
24 31
24 32
24 7
24 33
24 8
24 46
24 9
24 10
24 11
24 34
24 35
24 36
24 12
24 13
24 47
24 37
24 14
24 15
24 16
24 17
24 38
24 18
24 19
24 20
24 21
24 39
24 22
24 40
24 42
24 23
25 28
25 3
25 5
25 6
25 33
25 9
25 10
25 11
25 35
25 36
25 12
25 13
25 16
25 17
25 38
25 18
25 20
25 21
25 22
25 40
25 41
25 23
25 43
26 48
26 29
26 49
26 6
26 50
26 31
26 32
26 33
26 8
26 9
26 34
26 12
26 47
26 14
26 16
26 17
26 18
26 40
26 23
2 45
2 27
2 30
2 3
2 4
2 5
2 6
2 7
2 8
2 46
2 9
2 10
2 11
2 12
2 13
2 47
2 37
2 14
2 15
2 16
2 17
2 18
2 19
2 20
2 21
2 39
2 22
2 40
2 42
2 23
2 44
45 5
45 6
45 7
45 8
45 16
45 19
48 29
48 49
48 50
48 31
48 32
48 33
48 8
48 34
48 12
48 47
48 14
27 3
27 4
27 6
27 7
27 9
27 10
27 11
27 12
27 13
27 15
27 16
27 18
27 19
27 20
27 21
27 22
27 23
27 43
27 44
28 6
28 10
28 11
28 35
28 36
28 12
28 13
28 16
28 38
28 18
28 20
28 21
28 22
28 41
28 23
28 43
29 49
29 6
29 50
29 31
29 32
29 33
29 8
29 9
29 34
29 12
29 47
29 14
29 16
29 17
29 18
29 40
29 23
30 3
30 4
30 5
30 6
30 7
30 8
30 9
30 10
30 11
30 12
30 13
30 37
30 14
30 15
30 16
30 17
30 18
30 19
30 20
30 21
30 51
30 22
30 40
30 42
30 23
3 4
3 5
3 6
3 8
3 9
3 10
3 11
3 35
3 36
3 12
3 13
3 37
3 14
3 15
3 16
3 17
3 38
3 18
3 19
3 20
3 21
3 22
3 40
3 41
3 42
3 23
3 44
49 50
49 31
49 32
49 7
49 33
49 8
49 34
49 47
49 14
49 16
49 17
49 40
4 5
4 6
4 7
4 8
4 46
4 9
4 10
4 11
4 12
4 13
4 37
4 14
4 15
4 16
4 17
4 18
4 19
4 20
4 21
4 39
4 22
4 40
4 42
4 23
4 44
5 6
5 31
5 7
5 33
5 8
5 46
5 9
5 10
5 11
5 35
5 36
5 12
5 13
5 37
5 14
5 15
5 16
5 17
5 38
5 18
5 19
5 20
5 21
5 39
5 51
5 22
5 40
5 41
5 42
5 23
5 43
6 31
6 32
6 7
6 33
6 8
6 46
6 9
6 10
6 11
6 34
6 35
6 36
6 12
6 13
6 47
6 37
6 14
6 15
6 16
6 17
6 38
6 18
6 19
6 20
6 21
6 39
6 22
6 40
6 41
6 42
6 23
6 43
6 44
50 32
50 33
50 34
50 47
31 32
31 7
31 33
31 34
31 12
31 47
31 14
31 17
31 52
32 7
32 33
32 8
32 9
32 10
32 11
32 34
32 12
32 13
32 47
32 14
32 16
32 17
32 18
32 22
32 40
32 42
32 23
7 33
7 8
7 9
7 10
7 11
7 35
7 36
7 12
7 13
7 14
7 15
7 16
7 17
7 38
7 18
7 20
7 21
7 39
7 51
7 22
7 40
7 41
7 42
7 23
7 44
33 8
33 46
33 10
33 11
33 34
33 35
33 36
33 12
33 13
33 47
33 14
33 15
33 16
33 17
33 38
33 21
33 39
33 51
33 22
33 41
33 42
33 23
8 9
8 10
8 11
8 34
8 35
8 36
8 12
8 13
8 47
8 37
8 14
8 15
8 16
8 17
8 38
8 18
8 20
8 21
8 39
8 22
8 40
8 41
8 42
8 23
8 43
46 9
46 10
46 11
46 12
46 13
46 14
46 15
46 16
46 17
46 20
46 21
46 51
46 22
46 23
9 10
9 11
9 34
9 12
9 13
9 37
9 14
9 15
9 16
9 17
9 18
9 19
9 20
9 21
9 22
9 42
9 23
9 43
9 44
10 11
10 35
10 36
10 12
10 13
10 47
10 37
10 14
10 15
10 16
10 17
10 38
10 18
10 19
10 20
10 21
10 39
10 51
10 22
10 40
10 41
10 42
10 23
10 43
10 44
11 35
11 36
11 12
11 13
11 47
11 37
11 14
11 15
11 16
11 17
11 38
11 18
11 19
11 20
11 21
11 39
11 51
11 22
11 40
11 41
11 42
11 23
11 43
11 44
34 12
34 47
34 14
34 16
34 17
34 18
34 40
34 23
53 54
35 36
35 12
35 13
35 14
35 16
35 17
35 38
35 18
35 20
35 21
35 22
35 40
35 41
35 42
35 23
35 43
36 12
36 13
36 14
36 16
36 17
36 38
36 18
36 20
36 21
36 22
36 40
36 41
36 42
36 23
36 43
12 13
12 47
12 37
12 14
12 15
12 16
12 17
12 38
12 18
12 19
12 20
12 21
12 39
12 22
12 40
12 41
12 42
12 23
12 43
12 44
13 47
13 37
13 14
13 15
13 16
13 17
13 38
13 18
13 19
13 20
13 21
13 39
13 51
13 22
13 40
13 41
13 42
13 23
13 43
13 44
47 21
47 22
47 23
37 14
37 15
37 16
37 17
37 18
37 19
37 20
37 21
37 22
37 40
37 42
37 23
37 43
14 15
14 16
14 17
14 38
14 18
14 19
14 20
14 21
14 39
14 22
14 40
14 41
14 42
14 23
15 16
15 17
15 18
15 19
15 20
15 21
15 39
15 22
15 40
15 42
15 23
15 44
16 17
16 18
16 19
16 20
16 21
16 39
16 22
16 40
16 42
16 23
16 43
16 44
17 38
17 18
17 19
17 20
17 21
17 39
17 51
17 22
17 40
17 41
17 42
17 23
38 18
38 20
38 21
38 22
38 40
38 41
38 42
38 23
38 43
18 19
18 20
18 21
18 22
18 40
18 41
18 42
18 23
18 43
18 44
19 20
19 21
19 22
19 40
19 42
19 23
19 44
20 21
20 22
20 40
20 41
20 42
20 23
20 43
20 44
21 39
21 51
21 22
21 40
21 41
21 42
21 23
21 43
21 44
39 51
39 22
39 40
39 42
39 23
51 22
51 40
51 42
51 23
22 40
22 41
22 42
22 23
22 43
22 44
40 41
40 42
40 23
41 42
41 23
41 43
42 23
23 43
23 44
