0 1
2 3
2 4
2 5
2 6
2 7
2 1
2 8
2 9
2 10
2 11
3 4
3 12
3 5
3 13
3 6
3 7
3 1
3 14
3 15
3 8
3 16
3 9
3 17
3 18
3 10
3 11
4 5
4 6
4 7
4 1
4 8
4 9
4 10
4 11
12 5
12 6
12 7
12 1
12 14
12 15
12 16
12 9
12 17
12 18
5 6
5 7
5 1
5 14
5 15
5 8
5 16
5 9
5 17
5 18
5 10
5 11
13 6
13 7
13 1
13 14
13 16
13 9
13 18
6 7
6 1
6 14
6 15
6 8
6 16
6 9
6 17
6 18
6 19
6 10
6 11
7 1
7 14
7 15
7 8
7 16
7 9
7 17
7 18
7 10
7 11
1 14
1 15
1 8
1 16
1 9
1 17
1 18
1 20
1 19
1 10
1 11
14 15
14 16
14 9
14 21
14 17
14 18
14 20
14 19
15 16
15 9
15 17
15 18
8 9
8 10
8 11
16 9
16 21
16 17
16 18
9 17
9 18
9 20
9 19
9 10
9 11
17 18
18 19
20 19
10 11
