0 1
0 2
0 3
0 4
0 5
0 6
0 7
0 8
0 9
0 10
0 11
0 12
0 13
0 14
0 15
0 16
0 17
0 18
0 19
0 20
1 2
1 6
1 21
1 9
1 12
1 14
1 22
1 18
1 23
1 24
1 25
2 6
2 21
2 9
2 12
2 22
2 18
2 24
3 4
3 5
3 6
3 7
3 8
3 9
3 10
3 11
3 13
3 14
3 15
3 16
3 17
3 18
3 19
3 20
4 5
4 6
4 7
4 8
4 9
4 11
4 13
4 14
4 15
4 16
4 18
4 19
4 20
26 6
26 9
26 10
26 11
26 17
5 6
5 7
5 8
5 9
5 10
5 11
5 12
5 13
5 14
5 15
5 16
5 17
5 18
5 19
5 20
27 6
27 9
27 10
27 11
27 14
27 17
27 18
6 7
6 8
6 9
6 10
6 11
6 12
6 13
6 14
6 15
6 16
6 17
6 18
6 24
6 19
6 20
21 22
21 24
28 12
28 24
7 8
7 9
7 10
7 11
7 13
7 14
7 15
7 16
7 17
7 18
7 19
7 20
8 9
8 10
8 11
8 13
8 14
8 15
8 16
8 17
8 18
8 19
8 20
9 10
9 11
9 12
9 13
9 14
9 15
9 22
9 16
9 17
9 18
9 24
9 19
9 20
9 25
10 11
10 13
10 14
10 15
10 16
10 17
10 18
10 20
11 13
11 14
11 15
11 16
11 17
11 18
11 19
11 20
12 14
12 22
12 23
12 24
12 25
13 14
13 15
13 16
13 17
13 18
13 19
13 20
14 15
14 16
14 17
14 18
14 19
14 20
15 16
15 17
15 18
15 19
15 20
22 24
22 25
16 17
16 18
16 19
16 20
17 18
17 20
18 19
18 20
23 24
23 25
24 25
19 20
