0 1
0 2
0 3
0 4
0 5
0 6
0 7
0 8
0 9
0 10
0 11
0 12
0 13
0 14
0 15
0 16
0 17
0 18
0 19
0 20
0 21
0 22
0 23
0 24
0 25
0 26
0 27
0 28
0 29
0 30
0 31
0 32
1 2
1 33
1 3
1 34
1 35
1 36
1 37
1 38
1 6
1 7
1 8
1 10
1 13
1 39
1 40
1 15
1 17
1 41
1 18
1 42
1 43
1 19
1 44
1 21
1 45
1 46
1 22
1 47
1 25
1 48
1 49
1 27
1 50
1 28
1 51
1 30
1 52
1 53
1 54
1 32
1 55
1 56
2 34
2 35
2 36
2 37
2 38
2 6
2 7
2 8
2 12
2 13
2 39
2 40
2 17
2 41
2 42
2 43
2 19
2 44
2 45
2 46
2 47
2 24
2 48
2 49
2 27
2 50
2 51
2 30
2 52
2 53
2 54
2 32
2 55
2 56
33 6
33 13
33 40
33 17
33 18
33 44
33 45
33 27
33 54
33 56
3 5
3 10
3 11
3 12
3 14
3 15
3 16
3 17
3 18
3 19
3 20
3 21
3 22
3 23
3 24
3 25
3 26
3 28
3 29
3 31
34 35
34 36
34 37
34 38
34 6
34 7
34 8
34 13
34 39
34 40
34 15
34 17
34 41
34 42
34 43
34 44
34 45
34 46
34 47
34 48
34 49
34 27
34 50
34 28
34 51
34 30
34 52
34 53
34 54
34 32
34 55
34 56
35 36
35 37
35 38
35 6
35 7
35 8
35 13
35 39
35 40
35 17
35 41
35 42
35 43
35 19
35 44
35 45
35 46
35 47
35 48
35 49
35 27
35 50
35 51
35 30
35 52
35 53
35 54
35 32
35 55
35 56
4 9
4 10
4 57
4 58
4 11
4 15
4 19
4 22
4 23
4 31
4 59
36 37
36 38
36 6
36 7
36 8
36 13
36 39
36 40
36 17
36 41
36 42
36 43
36 44
36 45
36 46
36 47
36 48
36 49
36 27
36 50
36 51
36 30
36 52
36 53
36 54
36 32
36 55
36 56
5 10
5 11
5 12
5 14
5 15
5 16
5 18
5 19
5 20
5 21
5 22
5 23
5 24
5 25
5 26
5 28
5 29
5 31
37 38
37 6
37 7
37 8
37 13
37 39
37 40
37 17
37 41
37 42
37 43
37 44
37 45
37 46
37 47
37 48
37 49
37 27
37 50
37 51
37 30
37 52
37 53
37 54
37 32
37 55
37 56
38 6
38 7
38 8
38 13
38 39
38 40
38 15
38 17
38 41
38 42
38 43
38 19
38 44
38 45
38 46
38 47
38 48
38 49
38 27
38 50
38 51
38 30
38 52
38 53
38 54
38 32
38 55
38 56
6 7
6 8
6 13
6 39
6 40
6 17
6 41
6 42
6 43
6 44
6 45
6 46
6 47
6 48
6 49
6 27
6 50
6 51
6 30
6 52
6 53
6 54
6 31
6 32
6 55
6 56
7 8
7 10
7 11
7 12
7 13
7 39
7 40
7 15
7 17
7 41
7 42
7 43
7 19
7 44
7 45
7 46
7 47
7 23
7 24
7 48
7 49
7 27
7 50
7 28
7 51
7 30
7 52
7 53
7 54
7 32
7 55
7 56
8 10
8 11
8 13
8 39
8 40
8 15
8 17
8 41
8 18
8 42
8 43
8 19
8 44
8 21
8 45
8 46
8 22
8 47
8 24
8 48
8 49
8 27
8 50
8 28
8 51
8 30
8 52
8 53
8 54
8 32
8 55
8 56
9 10
9 57
9 11
9 15
9 20
9 21
9 22
9 23
9 25
9 26
9 31
9 59
10 11
10 12
10 13
10 14
10 15
10 16
10 17
10 18
10 19
10 44
10 20
10 21
10 22
10 23
10 24
10 25
10 26
10 27
10 28
10 29
10 30
10 31
10 32
57 58
57 23
57 59
58 59
11 12
11 14
11 15
11 16
11 18
11 19
11 20
11 21
11 22
11 23
11 24
11 25
11 26
11 28
11 29
11 31
12 14
12 15
12 16
12 18
12 19
12 20
12 21
12 22
12 23
12 24
12 25
12 26
12 28
12 29
12 31
13 39
13 40
13 15
13 17
13 41
13 42
13 43
13 19
13 44
13 21
13 45
13 46
13 22
13 47
13 23
13 25
13 48
13 49
13 27
13 50
13 28
13 29
13 51
13 30
13 52
13 53
13 54
13 31
13 32
13 55
13 56
39 40
39 15
39 17
39 41
39 42
39 43
39 19
39 44
39 45
39 46
39 47
39 48
39 49
39 27
39 50
39 51
39 30
39 52
39 53
39 54
39 32
39 55
39 56
14 15
14 16
14 18
14 19
14 20
14 21
14 22
14 23
14 24
14 25
14 26
14 28
14 29
14 31
40 17
40 41
40 42
40 43
40 44
40 45
40 46
40 47
40 48
40 49
40 27
40 50
40 51
40 30
40 52
40 53
40 54
40 32
40 55
40 56
15 16
15 17
15 18
15 19
15 44
15 20
15 21
15 22
15 23
15 24
15 25
15 26
15 27
15 28
15 29
15 30
15 53
15 31
16 18
16 19
16 20
16 21
16 22
16 23
16 24
16 25
16 26
16 28
16 29
16 31
17 41
17 18
17 42
17 43
17 19
17 44
17 21
17 45
17 46
17 22
17 47
17 23
17 25
17 48
17 49
17 27
17 50
17 28
17 51
17 30
17 52
17 53
17 54
17 31
17 32
17 55
17 56
41 42
41 43
41 19
41 44
41 45
41 46
41 47
41 48
41 49
41 27
41 50
41 51
41 30
41 52
41 53
41 54
41 32
41 55
41 56
18 19
18 20
18 21
18 22
18 23
18 24
18 25
18 26
18 27
18 28
18 29
18 53
18 31
42 43
42 44
42 45
42 46
42 47
42 48
42 49
42 27
42 50
42 28
42 51
42 30
42 52
42 53
42 54
42 32
42 55
42 56
43 19
43 44
43 45
43 46
43 47
43 25
43 48
43 49
43 27
43 50
43 51
43 30
43 52
43 53
43 54
43 32
43 55
43 56
19 44
19 20
19 21
19 22
19 23
19 24
19 25
19 26
19 27
19 28
19 29
19 51
19 31
19 32
19 55
19 56
44 45
44 46
44 22
44 47
44 23
44 25
44 48
44 49
44 27
44 50
44 28
44 51
44 30
44 52
44 53
44 54
44 31
44 32
44 55
44 56
20 21
20 22
20 23
20 24
20 25
20 26
20 28
20 29
20 31
21 22
21 23
21 24
21 25
21 26
21 28
21 29
21 31
45 46
45 47
45 48
45 49
45 27
45 50
45 51
45 30
45 52
45 53
45 54
45 32
45 55
45 56
46 47
46 25
46 48
46 49
46 27
46 50
46 51
46 30
46 52
46 53
46 54
46 32
46 55
46 56
22 23
22 24
22 25
22 26
22 27
22 28
22 29
22 31
22 56
47 48
47 49
47 27
47 50
47 51
47 30
47 52
47 53
47 54
47 32
47 55
47 56
23 24
23 25
23 26
23 28
23 29
23 31
23 59
23 32
24 25
24 26
24 28
24 29
24 31
25 48
25 26
25 27
25 28
25 29
25 31
25 56
48 49
48 27
48 50
48 51
48 30
48 52
48 53
48 54
48 32
48 55
48 56
26 28
26 29
26 31
49 27
49 50
49 51
49 30
49 52
49 53
49 54
49 32
49 55
49 56
27 50
27 28
27 51
27 30
27 52
27 53
27 54
27 32
27 55
27 56
50 51
50 30
50 52
50 53
50 54
50 32
50 55
50 56
28 29
28 30
28 31
28 32
29 30
29 31
51 30
51 52
51 53
51 54
51 32
51 55
51 56
30 52
30 53
30 54
30 31
30 32
30 55
30 56
52 53
52 54
52 32
52 55
52 56
53 54
53 32
53 55
53 56
54 32
54 55
54 56
31 59
32 55
32 56
55 56
