0 1
0 2
0 3
0 4
0 5
0 6
0 7
0 8
0 9
0 10
0 11
0 12
0 13
0 14
0 15
0 16
1 17
1 18
1 2
1 3
1 4
1 19
1 20
1 5
1 6
1 21
1 7
1 8
1 9
1 10
1 11
1 12
1 22
1 23
1 13
1 14
1 24
1 15
1 16
1 25
17 18
17 2
17 26
17 27
17 3
17 4
17 19
17 28
17 5
17 6
17 7
17 29
17 30
17 23
17 31
17 16
17 32
18 26
18 27
18 3
18 4
18 19
18 28
18 5
18 6
18 7
18 29
18 10
18 30
18 23
18 31
18 15
18 32
33 4
33 20
33 5
33 21
33 9
33 22
2 3
2 4
2 19
2 20
2 28
2 5
2 6
2 21
2 7
2 8
2 9
2 10
2 11
2 12
2 13
2 14
2 24
2 15
2 16
26 27
26 19
26 28
26 6
26 29
26 30
26 31
26 32
27 3
27 19
27 28
27 6
27 7
27 29
27 30
27 23
27 31
27 32
3 4
3 19
3 20
3 28
3 5
3 6
3 7
3 8
3 9
3 29
3 10
3 30
3 11
3 12
3 23
3 13
3 14
3 24
3 15
3 16
3 32
3 25
4 20
4 5
4 6
4 21
4 7
4 8
4 9
4 10
4 11
4 12
4 22
4 23
4 13
4 14
4 24
4 15
4 16
4 25
19 28
19 6
19 7
19 8
19 29
19 10
19 30
19 23
19 31
19 24
19 15
19 32
20 5
20 21
20 7
20 8
20 9
20 10
20 11
20 12
20 22
20 13
20 14
20 24
20 15
20 16
20 25
28 6
28 7
28 29
28 10
28 30
28 23
28 31
28 32
5 21
5 7
5 8
5 9
5 10
5 11
5 12
5 22
5 23
5 13
5 14
5 24
5 15
5 16
5 25
34 7
34 35
6 7
6 29
6 10
6 30
6 23
6 31
6 15
6 16
6 32
21 7
21 8
21 9
21 10
21 11
21 12
21 22
21 13
21 14
21 24
21 15
21 16
21 25
7 8
7 9
7 29
7 10
7 30
7 11
7 12
7 23
7 13
7 14
7 35
7 24
7 15
7 16
7 32
7 25
8 9
8 10
8 11
8 12
8 22
8 13
8 14
8 24
8 15
8 16
8 25
9 10
9 11
9 12
9 22
9 13
9 14
9 24
9 15
9 16
9 25
29 30
29 23
29 31
29 32
10 11
10 12
10 23
10 14
10 31
10 15
10 16
30 23
30 31
30 32
11 12
11 13
11 14
11 24
11 15
11 16
11 25
12 14
12 24
12 15
12 16
22 15
22 16
22 25
23 31
23 24
23 15
23 32
13 14
13 24
13 15
13 16
13 25
14 24
14 15
14 16
14 25
31 32
24 15
24 16
24 25
15 16
15 25
16 25
