0 1
0 2
0 3
4 5
4 6
4 7
4 8
4 9
4 10
4 11
4 12
4 13
4 14
4 15
4 16
4 2
4 17
4 18
4 19
4 20
4 21
4 22
4 23
4 24
4 25
4 26
4 27
4 28
5 6
5 7
5 8
5 9
5 10
5 11
5 12
5 13
5 14
5 15
5 16
5 17
5 20
5 21
5 22
5 23
5 24
5 27
5 28
29 30
6 7
6 8
6 9
6 10
6 11
6 12
6 13
6 14
6 15
6 16
6 17
6 18
6 20
6 21
6 22
6 23
6 24
6 26
6 27
6 28
7 8
7 9
7 10
7 11
7 12
7 31
7 13
7 14
7 15
7 16
7 2
7 17
7 18
7 19
7 20
7 21
7 22
7 23
7 24
7 25
7 26
7 27
7 28
8 9
8 10
8 11
8 12
8 13
8 14
8 15
8 16
8 2
8 17
8 18
8 20
8 21
8 32
8 22
8 23
8 24
8 26
8 27
8 28
9 10
9 11
9 12
9 13
9 14
9 15
9 16
9 2
9 17
9 18
9 20
9 21
9 22
9 23
9 24
9 26
9 27
9 28
1 2
1 3
10 11
10 12
10 31
10 13
10 14
10 15
10 16
10 2
10 17
10 18
10 19
10 20
10 21
10 32
10 22
10 23
10 24
10 33
10 25
10 26
10 27
10 28
11 12
11 13
11 14
11 15
11 16
11 2
11 17
11 18
11 19
11 20
11 21
11 32
11 22
11 23
11 24
11 33
11 25
11 26
11 27
11 28
34 15
34 16
34 18
34 24
34 26
12 14
12 15
12 16
12 2
12 17
12 18
12 19
12 21
12 32
12 22
12 23
12 24
12 33
12 25
12 26
12 27
12 28
31 14
31 33
13 14
13 15
13 16
13 17
13 19
13 20
13 22
13 24
13 27
14 15
14 16
14 2
14 17
14 18
14 19
14 20
14 21
14 32
14 22
14 23
14 24
14 33
14 25
14 26
14 30
14 27
14 28
15 16
15 17
15 18
15 21
15 22
15 23
15 24
15 26
15 27
15 28
16 17
16 18
16 20
16 21
16 22
16 23
16 24
16 26
16 27
16 28
2 17
2 21
2 22
2 23
2 3
2 26
2 27
2 28
17 18
17 19
17 21
17 32
17 22
17 23
17 24
17 33
17 26
17 27
17 28
18 20
18 21
18 23
18 24
18 26
18 27
18 28
19 22
19 23
19 25
19 27
19 28
20 21
20 22
20 24
20 26
20 27
21 32
21 22
21 23
21 24
21 33
21 26
21 27
21 28
32 23
32 24
32 33
32 27
32 28
22 23
22 24
22 25
22 26
22 27
22 28
23 24
23 33
23 25
23 26
23 27
23 28
24 25
24 26
24 27
24 28
33 28
25 27
25 28
26 27
26 28
27 28
