0 1
0 2
0 3
0 4
5 6
5 7
5 8
5 9
5 10
5 11
5 12
5 13
5 14
5 15
5 16
5 17
5 18
19 20
19 1
19 21
19 22
19 23
19 24
6 7
6 8
6 9
6 1
6 10
6 11
6 12
6 13
6 14
6 15
6 16
6 17
6 3
6 4
6 18
7 8
7 9
7 10
7 11
7 12
7 13
7 14
7 15
7 16
7 17
7 18
8 9
8 10
8 11
8 12
8 13
8 14
8 15
8 16
8 17
8 3
8 18
9 1
9 10
9 11
9 12
9 13
9 14
9 15
9 16
9 17
9 3
9 4
9 18
20 1
20 2
20 21
20 22
20 23
20 4
20 24
1 10
1 11
1 12
1 14
1 2
1 15
1 17
1 3
1 4
1 18
1 24
10 11
10 12
10 13
10 14
10 15
10 16
10 17
10 3
10 4
10 18
11 12
11 13
11 14
11 15
11 16
11 17
11 3
11 4
11 18
12 13
12 14
12 15
12 16
12 17
12 3
12 4
12 18
13 14
13 15
13 16
13 17
13 18
14 2
14 15
14 16
14 17
14 3
14 4
14 18
2 3
2 4
2 24
15 16
15 17
15 3
15 4
15 18
21 22
21 23
16 17
16 18
17 3
17 4
17 18
3 4
3 18
22 23
22 24
23 24
4 18
