0 1
0 2
0 3
0 4
0 5
0 6
0 7
0 8
0 9
0 10
0 11
0 12
0 13
14 15
14 16
14 17
14 18
14 19
14 8
14 20
14 21
14 22
14 23
1 2
1 3
1 4
1 5
1 6
1 9
1 10
1 11
1 12
1 13
2 15
2 3
2 18
2 4
2 5
2 6
2 8
2 9
2 10
2 11
2 12
2 13
2 23
15 16
15 17
15 3
15 18
15 5
15 19
15 8
15 20
15 21
15 11
15 22
15 23
16 17
16 18
16 19
16 8
16 20
16 21
16 22
16 23
17 18
17 19
17 8
17 20
17 21
17 22
17 23
3 4
3 5
3 6
3 8
3 10
3 11
3 12
3 13
3 23
18 19
18 8
18 20
18 21
18 22
18 23
4 5
4 6
4 9
4 10
4 11
4 12
4 13
5 6
5 8
5 9
5 10
5 11
5 12
5 13
5 23
6 10
6 11
6 12
6 13
19 8
19 20
19 21
19 22
19 23
7 11
8 20
8 9
8 10
8 21
8 11
8 12
8 22
8 23
20 21
20 22
20 23
9 10
9 11
9 12
10 11
10 12
10 13
21 22
21 23
11 12
11 13
11 23
12 13
12 23
22 23
