0 1
0 2
0 3
0 4
0 5
0 6
0 7
0 8
0 9
0 10
0 11
0 12
0 13
0 14
0 15
0 16
0 17
0 18
0 19
0 20
21 1
21 22
21 4
21 23
21 24
21 25
21 8
21 26
21 27
21 28
21 12
21 29
21 20
30 1
30 31
30 9
30 10
30 11
30 12
30 32
30 14
30 15
30 33
30 18
30 19
30 20
1 22
1 2
1 3
1 4
1 5
1 6
1 24
1 34
1 31
1 7
1 25
1 8
1 9
1 27
1 11
1 12
1 13
1 32
1 35
1 14
1 29
1 33
1 16
1 17
1 18
1 19
1 20
36 22
36 2
36 4
36 37
36 24
36 25
36 8
36 26
36 27
36 35
36 29
36 38
36 39
36 40
22 2
22 3
22 4
22 37
22 24
22 25
22 8
22 9
22 26
22 27
22 11
22 28
22 12
22 13
22 35
22 29
22 38
22 39
22 19
22 20
22 40
2 3
2 4
2 37
2 24
2 25
2 8
2 9
2 26
2 27
2 11
2 12
2 32
2 35
2 14
2 29
2 38
2 33
2 39
2 20
2 40
3 4
3 23
3 5
3 6
3 24
3 34
3 7
3 25
3 8
3 9
3 27
3 10
3 11
3 28
3 12
3 13
3 32
3 41
3 35
3 14
3 15
3 29
3 33
3 16
3 17
3 18
3 19
3 20
3 40
4 37
4 24
4 25
4 8
4 9
4 26
4 27
4 28
4 41
4 35
4 14
4 29
4 38
4 39
4 19
4 20
4 40
37 24
37 25
37 26
37 12
37 35
37 29
37 38
37 40
23 7
23 25
23 8
23 9
23 27
23 11
23 28
23 12
23 41
23 35
23 14
23 18
23 20
5 6
5 24
5 7
5 9
5 10
5 11
5 12
5 13
5 32
5 14
5 15
5 33
5 16
5 17
5 18
5 19
5 20
6 24
6 7
6 25
6 9
6 27
6 10
6 11
6 12
6 13
6 32
6 14
6 15
6 33
6 16
6 17
6 18
6 19
6 20
24 25
24 8
24 26
24 27
24 11
24 28
24 12
24 13
24 35
24 29
24 38
24 16
24 17
24 20
24 40
34 9
34 11
34 12
34 32
34 14
34 33
34 18
34 19
34 20
31 9
31 10
31 11
31 12
31 32
31 14
31 15
31 33
31 18
31 19
31 20
7 8
7 9
7 27
7 10
7 11
7 12
7 13
7 32
7 35
7 14
7 15
7 29
7 33
7 16
7 17
7 18
7 19
7 20
7 40
25 8
25 9
25 26
25 42
25 27
25 11
25 28
25 12
25 13
25 41
25 35
25 14
25 29
25 18
25 19
25 20
8 9
8 26
8 42
8 27
8 11
8 28
8 12
8 13
8 32
8 41
8 35
8 14
8 29
8 33
8 18
8 19
8 20
8 40
9 27
9 10
9 11
9 12
9 13
9 32
9 41
9 35
9 14
9 15
9 29
9 33
9 16
9 17
9 18
9 19
9 20
9 40
26 28
26 41
26 35
26 14
26 29
26 38
26 39
26 40
42 27
42 41
27 11
27 28
27 12
27 13
27 32
27 41
27 35
27 14
27 29
27 33
27 18
27 19
27 20
10 11
10 12
10 13
10 14
10 15
10 16
10 17
10 18
10 20
11 12
11 13
11 32
11 35
11 14
11 15
11 29
11 33
11 16
11 17
11 18
11 19
11 20
28 41
28 29
28 20
12 13
12 32
12 35
12 14
12 15
12 33
12 16
12 17
12 18
12 19
12 20
13 32
13 41
13 35
13 14
13 15
13 33
13 16
13 17
13 18
13 19
13 20
32 35
32 14
32 33
32 17
32 18
32 19
32 20
41 20
35 29
35 38
35 33
35 39
35 18
35 20
35 40
14 15
14 29
14 33
14 16
14 17
14 18
14 19
14 20
15 16
15 17
15 18
15 20
29 38
29 20
29 40
38 40
33 17
33 18
33 19
33 20
39 40
16 17
16 18
16 20
17 18
17 19
17 20
18 19
18 20
19 20
