0 1
0 2
0 3
0 4
0 5
0 6
0 7
0 8
0 9
0 10
0 11
0 12
0 13
0 14
0 15
0 16
0 17
0 18
0 19
0 20
0 21
0 22
0 23
0 24
0 25
1 2
1 3
1 4
1 5
1 6
1 26
1 7
1 27
1 28
1 29
1 8
1 9
1 30
1 10
1 31
1 11
1 12
1 13
1 14
1 15
1 32
1 16
1 17
1 18
1 33
1 34
1 19
1 20
1 21
1 22
1 35
1 36
1 23
1 24
1 25
37 3
37 4
37 38
37 39
37 6
37 26
37 7
37 40
37 27
37 29
37 10
37 11
37 41
37 42
37 32
37 17
37 33
37 34
37 43
37 19
37 21
37 22
37 35
37 36
37 44
2 3
2 5
2 6
2 27
2 29
2 8
2 9
2 10
2 11
2 12
2 13
2 14
2 15
2 32
2 16
2 17
2 18
2 34
2 19
2 20
2 21
2 22
2 23
2 24
3 45
3 46
3 4
3 38
3 39
3 47
3 6
3 26
3 48
3 7
3 40
3 49
3 27
3 28
3 29
3 8
3 50
3 30
3 51
3 10
3 52
3 31
3 11
3 53
3 12
3 41
3 54
3 55
3 13
3 56
3 57
3 58
3 14
3 15
3 32
3 16
3 17
3 59
3 18
3 33
3 34
3 43
3 19
3 20
3 21
3 22
3 35
3 36
3 23
3 44
3 24
45 46
45 4
45 38
45 39
45 26
45 60
45 48
45 7
45 49
45 27
45 29
45 50
45 30
45 51
45 31
45 11
45 53
45 41
45 55
45 56
45 57
45 58
45 32
45 59
45 34
45 21
45 22
45 35
45 36
45 25
46 38
46 39
46 47
46 26
46 7
46 49
46 27
46 28
46 29
46 30
46 52
46 11
46 54
46 56
46 42
46 57
46 32
46 34
46 21
46 22
46 35
46 36
4 38
4 39
4 47
4 6
4 26
4 60
4 48
4 7
4 40
4 49
4 27
4 28
4 29
4 8
4 9
4 50
4 30
4 51
4 10
4 52
4 31
4 11
4 53
4 12
4 41
4 54
4 55
4 13
4 56
4 42
4 58
4 14
4 15
4 32
4 16
4 17
4 59
4 18
4 33
4 34
4 43
4 19
4 21
4 22
4 35
4 36
4 23
4 44
4 24
4 25
5 6
5 8
5 9
5 10
5 12
5 13
5 14
5 15
5 16
5 17
5 18
5 19
5 20
5 23
5 24
61 38
61 6
61 26
61 7
61 27
61 29
61 30
61 10
61 11
61 17
61 21
61 22
61 35
38 39
38 47
38 6
38 26
38 7
38 40
38 49
38 27
38 28
38 29
38 50
38 30
38 51
38 10
38 52
38 31
38 11
38 41
38 54
38 56
38 42
38 57
38 58
38 32
38 16
38 17
38 33
38 34
38 43
38 19
38 21
38 22
38 35
38 36
38 25
39 47
39 26
39 7
39 49
39 27
39 28
39 29
39 8
39 30
39 52
39 11
39 41
39 54
39 56
39 57
39 58
39 32
39 16
39 34
39 21
39 22
39 35
39 36
47 26
47 7
47 49
47 27
47 29
47 30
47 11
47 41
47 54
47 56
47 32
47 34
47 21
47 22
47 35
47 36
6 26
6 7
6 27
6 29
6 8
6 9
6 10
6 11
6 12
6 41
6 13
6 14
6 15
6 32
6 16
6 17
6 18
6 34
6 19
6 20
6 21
6 22
6 36
6 23
6 24
26 48
26 7
26 40
26 49
26 27
26 28
26 29
26 50
26 30
26 51
26 10
26 52
26 31
26 11
26 53
26 41
26 54
26 55
26 13
26 56
26 42
26 57
26 58
26 32
26 16
26 17
26 59
26 33
26 34
26 19
26 21
26 22
26 35
26 36
26 25
60 7
60 11
60 41
60 42
60 32
60 34
60 43
60 21
60 22
60 36
60 44
60 25
48 50
48 30
48 51
48 52
48 31
48 11
48 53
48 41
48 55
48 58
48 32
48 59
48 34
48 21
48 22
48 35
7 40
7 49
7 27
7 28
7 29
7 8
7 50
7 30
7 10
7 52
7 11
7 12
7 41
7 54
7 13
7 56
7 42
7 58
7 14
7 15
7 32
7 16
7 17
7 18
7 33
7 34
7 43
7 19
7 21
7 22
7 35
7 36
7 44
7 24
7 25
40 27
40 28
40 29
40 30
40 52
40 11
40 41
40 54
40 32
40 34
40 21
40 22
49 27
49 28
49 29
49 30
49 52
49 11
49 41
49 54
49 56
49 57
49 58
49 14
49 32
49 34
49 21
49 22
49 35
49 36
49 25
27 28
27 29
27 8
27 50
27 30
27 10
27 52
27 11
27 12
27 41
27 54
27 13
27 56
27 42
27 32
27 17
27 34
27 43
27 19
27 21
27 22
27 35
27 36
27 25
28 29
28 30
28 52
28 11
28 41
28 54
28 56
28 42
28 58
28 32
28 34
28 21
28 22
28 35
28 36
28 25
29 8
29 30
29 10
29 52
29 11
29 12
29 41
29 54
29 13
29 56
29 14
29 32
29 17
29 34
29 43
29 19
29 21
29 22
29 35
29 36
29 25
8 9
8 30
8 10
8 11
8 12
8 54
8 13
8 14
8 15
8 32
8 16
8 17
8 18
8 19
8 20
8 21
8 22
8 23
8 24
9 10
9 12
9 13
9 14
9 15
9 16
9 17
9 18
9 19
9 20
9 23
9 24
50 30
50 51
50 52
50 31
50 11
50 53
50 41
50 54
50 55
50 42
50 57
50 58
50 32
50 59
50 34
50 21
50 22
50 35
50 36
30 51
30 52
30 31
30 11
30 53
30 41
30 54
30 55
30 56
30 57
30 58
30 32
30 16
30 59
30 33
30 34
30 21
30 22
30 35
30 36
30 44
51 52
51 31
51 11
51 53
51 41
51 55
51 58
51 32
51 59
51 34
51 21
51 22
51 35
10 11
10 12
10 41
10 13
10 14
10 15
10 32
10 16
10 17
10 18
10 34
10 19
10 20
10 21
10 22
10 36
10 23
10 24
52 11
52 53
52 41
52 54
52 55
52 56
52 42
52 58
52 32
52 59
52 34
52 21
52 22
52 36
52 44
31 11
31 53
31 55
31 58
31 32
31 59
31 34
31 21
31 22
31 35
31 36
11 53
11 12
11 41
11 54
11 55
11 13
11 56
11 42
11 57
11 58
11 14
11 15
11 32
11 16
11 17
11 59
11 18
11 33
11 34
11 43
11 19
11 20
11 21
11 22
11 35
11 36
11 23
11 44
11 24
11 25
53 41
53 55
53 58
53 32
53 59
53 34
53 21
53 22
53 35
12 13
12 14
12 15
12 32
12 16
12 17
12 18
12 19
12 20
12 21
12 22
12 23
12 24
41 54
41 55
41 56
41 42
41 57
41 58
41 32
41 59
41 33
41 34
41 43
41 21
41 22
41 35
41 36
41 44
41 25
54 13
54 56
54 32
54 17
54 34
54 19
54 21
54 22
54 35
54 36
55 58
55 32
55 59
55 34
55 21
55 22
55 35
13 14
13 15
13 16
13 17
13 18
13 19
13 20
13 21
13 22
13 36
13 23
13 24
56 57
56 58
56 14
56 32
56 34
56 21
56 22
56 35
56 36
56 25
42 58
42 32
42 43
42 21
42 22
42 35
57 58
57 32
57 34
57 21
57 22
57 35
58 32
58 16
58 59
58 34
58 21
58 22
58 35
58 36
14 15
14 32
14 16
14 17
14 18
14 19
14 20
14 21
14 22
14 23
14 24
14 25
15 16
15 17
15 18
15 19
15 20
15 21
15 22
15 23
15 24
15 25
32 16
32 17
32 59
32 18
32 33
32 34
32 43
32 19
32 21
32 22
32 35
32 36
32 44
32 25
16 17
16 18
16 19
16 20
16 21
16 22
16 35
16 23
16 24
17 18
17 34
17 19
17 20
17 21
17 22
17 36
17 23
17 24
59 34
59 21
59 22
59 35
18 33
18 34
18 19
18 20
18 21
18 22
18 23
18 24
33 34
33 21
33 22
33 35
33 36
34 43
34 19
34 21
34 22
34 35
34 36
34 25
43 21
43 22
43 35
43 36
43 44
43 25
19 20
19 21
19 22
19 36
19 23
19 24
19 25
20 21
20 23
20 24
21 22
21 35
21 36
21 44
21 24
21 25
22 35
22 36
22 44
22 24
22 25
35 36
36 44
23 24
44 25
24 25
