0 1
0 2
0 3
0 37
0 6
0 11
0 12
0 13
0 14
0 15
0 17
0 19
0 22
0 24
0 25
0 38
0 28
0 30
1 33
1 34
1 4
1 5
1 9
1 10
1 18
1 36
1 26
1 29
1 31
2 32
2 4
2 5
2 7
2 8
2 16
2 20
2 21
2 36
2 26
2 27
2 31
3 33
3 34
3 4
3 5
3 7
3 8
3 9
3 10
3 16
3 18
3 23
3 26
3 27
4 37
4 6
4 11
4 12
4 14
4 15
4 19
4 22
4 24
4 25
4 35
5 37
5 35
5 11
5 12
5 13
5 14
5 15
5 17
5 19
5 25
5 38
6 23
6 36
6 26
6 31
7 17
7 37
7 35
7 39
7 24
7 38
7 11
7 13
8 35
8 37
8 38
8 24
8 11
8 13
9 19
9 25
9 15
11 32
11 16
11 20
11 21
11 36
11 26
11 31
12 23
12 36
12 26
12 31
13 32
13 20
13 36
13 21
14 23
14 36
14 26
14 27
14 31
15 33
15 34
15 23
15 26
15 36
15 29
15 31
16 37
16 39
16 24
17 27
17 36
17 23
17 26
18 25
19 33
19 34
19 23
19 36
19 29
19 31
20 35
20 37
20 38
20 39
20 24
21 38
21 37
22 23
22 36
22 26
22 27
22 31
24 32
24 26
24 27
24 36
25 33
25 34
25 36
25 26
25 27
25 29
25 31
26 37
26 39
26 35
26 28
27 30
27 39
27 28
27 37
28 36
31 35
32 35
32 37
32 38
36 37
36 38
