0 48
0 1
0 2
0 53
0 7
0 40
0 23
0 77
0 14
0 15
2 65
2 3
2 38
2 39
2 8
2 9
2 11
2 31
3 4
3 5
3 6
3 41
3 75
3 51
3 52
3 56
3 27
3 37
3 69
4 8
4 19
4 58
4 43
5 36
5 31
6 39
6 44
6 65
6 31
7 64
7 11
8 67
8 71
8 42
8 12
8 13
8 14
8 29
8 16
8 78
8 10
9 49
9 21
10 19
10 45
10 38
11 18
11 14
12 25
12 38
13 43
14 24
14 66
14 68
14 38
14 17
14 64
15 17
15 68
15 46
15 33
15 24
15 30
16 25
16 50
16 28
16 32
17 18
17 20
17 70
17 54
17 23
17 26
17 76
18 66
18 33
18 24
18 30
19 57
19 22
19 47
20 30
22 35
23 68
24 79
24 34
28 62
28 63
29 38
30 34
32 62
33 34
35 60
35 61
35 47
38 42
38 59
40 64
40 68
40 46
43 78
44 55
46 70
46 54
50 62
64 72
66 79
68 73
72 74
