0 1
0 66
0 3
0 7
0 72
0 9
0 11
0 14
0 15
0 17
0 19
0 20
0 30
0 31
0 37
0 40
0 42
0 43
0 53
0 73
0 57
0 58
0 59
0 61
0 63
1 64
1 2
1 4
1 5
1 6
1 71
1 8
1 76
1 10
1 12
1 13
1 78
1 79
1 21
1 22
1 25
1 26
1 27
1 29
1 69
1 32
1 34
1 36
1 70
1 39
1 44
1 45
1 47
1 49
1 50
1 52
1 55
2 3
2 7
2 72
2 9
2 74
2 11
2 14
2 15
2 16
2 19
2 28
2 31
2 33
2 67
2 35
2 37
2 41
2 43
2 46
2 48
2 51
2 54
2 56
2 57
2 61
2 62
3 64
3 4
3 5
3 6
3 39
3 8
3 44
3 79
3 55
3 12
3 13
3 45
3 76
3 50
3 23
3 71
3 27
3 60
3 29
4 66
4 7
4 72
4 9
4 74
4 11
4 14
4 16
4 17
4 75
4 67
4 20
4 30
4 31
4 33
4 35
4 38
4 41
4 43
4 46
4 48
4 53
4 54
4 56
5 66
5 7
5 72
5 9
5 74
5 11
5 77
5 14
5 15
5 16
5 17
5 18
5 20
5 75
5 28
5 30
5 31
5 37
5 65
5 40
5 41
5 42
5 43
5 51
5 53
5 73
5 57
5 58
5 59
5 61
5 63
6 37
6 7
6 40
6 63
6 42
6 14
6 19
6 73
6 57
6 58
6 59
6 61
6 30
6 31
7 64
7 39
7 76
7 12
7 13
7 45
7 50
7 23
7 27
7 29
8 66
8 72
8 9
8 74
8 11
8 14
8 15
8 16
8 17
8 18
8 19
8 20
8 75
8 28
8 31
8 33
8 35
8 40
8 41
8 42
8 43
8 46
8 48
8 51
8 73
8 56
8 58
8 59
8 62
8 63
9 39
9 44
9 10
9 12
9 45
9 78
9 79
9 52
9 22
9 23
9 24
9 68
9 27
9 60
9 29
9 69
10 11
10 65
10 40
10 43
10 77
10 46
10 15
10 48
10 17
10 18
10 53
10 73
10 59
10 63
11 32
11 68
11 39
11 76
11 44
11 79
11 49
11 21
11 23
11 25
11 26
11 60
11 29
12 67
12 63
12 37
12 40
12 14
12 16
12 72
12 19
12 73
12 57
12 58
12 59
12 61
12 30
12 31
13 40
13 41
13 42
13 63
13 72
13 19
13 57
13 58
13 59
13 30
13 31
14 39
14 79
14 71
14 44
14 47
14 76
14 50
14 55
14 27
14 60
14 29
15 36
15 39
15 76
15 44
15 45
15 78
15 79
15 52
15 21
15 22
15 23
15 68
15 60
15 29
16 23
16 79
16 27
16 29
16 47
17 32
17 34
17 68
17 44
17 45
17 49
17 52
17 21
17 22
17 25
17 26
17 27
17 70
17 69
17 36
18 32
18 36
18 78
18 49
18 52
18 21
18 22
18 23
18 24
18 25
18 26
18 69
19 64
19 39
19 44
19 47
19 50
19 79
19 60
19 29
20 50
20 39
20 60
20 27
20 44
20 45
21 65
21 40
21 73
21 43
21 77
21 53
21 59
21 63
22 51
22 53
22 62
22 28
22 46
23 65
23 72
23 74
23 77
23 67
23 28
23 30
23 31
23 33
23 35
23 38
23 43
23 51
23 54
23 56
23 57
24 48
24 65
24 77
24 46
25 65
25 40
25 73
25 42
25 43
25 53
25 58
25 59
25 63
26 65
26 40
26 42
26 43
26 77
26 53
26 58
26 59
26 63
27 66
27 72
27 74
27 75
27 30
27 31
27 33
27 37
27 38
27 40
27 42
27 46
27 48
27 53
27 73
27 57
27 58
27 59
27 61
27 63
28 36
28 52
28 79
28 45
28 78
28 69
29 72
29 74
29 30
29 31
29 33
29 67
29 37
29 38
29 40
29 41
29 42
29 46
29 48
29 73
29 57
29 58
29 59
29 61
29 63
30 64
30 39
30 55
30 44
30 45
30 76
30 50
31 64
31 39
31 44
31 55
31 79
31 76
31 50
31 71
31 60
32 43
32 53
33 76
33 79
36 40
36 73
36 51
36 53
36 58
36 59
36 62
36 63
37 64
37 39
37 44
37 45
37 47
37 76
37 60
38 76
39 63
39 40
39 43
39 72
39 57
39 58
39 59
39 61
40 44
40 71
40 47
40 76
40 49
40 55
40 60
41 79
41 45
41 76
42 64
42 71
42 76
42 44
42 55
43 68
43 44
43 45
43 79
43 50
44 75
44 46
44 48
44 53
44 73
44 57
44 58
44 59
44 61
44 63
45 66
45 72
45 46
45 75
45 51
45 53
45 62
45 61
46 69
46 76
46 78
46 49
46 52
46 68
47 67
47 73
47 74
47 58
47 59
47 63
48 49
48 79
49 65
49 73
49 77
49 53
49 58
49 59
49 63
50 66
50 75
51 52
51 69
52 65
52 77
52 53
52 62
53 68
53 69
54 79
55 72
55 57
55 58
56 79
57 79
57 76
57 71
57 60
58 64
58 71
58 76
58 60
59 64
59 76
59 60
59 68
60 66
60 63
60 72
60 75
60 73
60 61
61 64
61 79
62 69
62 78
62 79
63 64
63 68
64 73
64 72
67 76
67 79
68 73
71 72
72 76
73 76
74 76
