0 32
0 1
0 2
0 3
0 36
0 33
0 40
0 9
0 11
0 44
0 45
0 64
0 15
0 18
0 67
0 66
0 24
0 25
0 28
0 61
0 31
1 72
1 4
1 6
1 57
1 8
1 41
1 58
1 13
1 14
3 49
3 4
3 5
3 54
3 76
4 68
4 7
4 24
4 60
4 31
5 15
6 35
6 21
6 22
6 71
6 43
6 46
8 10
8 19
8 62
8 63
9 27
9 12
9 37
9 38
10 48
11 65
11 51
11 47
13 16
13 68
13 53
13 22
13 17
13 31
16 78
19 26
19 20
20 56
21 59
21 55
21 29
21 39
22 50
22 70
22 23
22 73
22 29
22 30
24 34
24 69
26 42
27 66
28 51
31 77
33 47
35 55
36 65
36 74
36 51
36 47
37 79
46 59
46 55
51 75
51 52
53 78
