0 1
0 60
0 5
1 64
1 2
1 3
1 4
1 6
1 9
1 79
1 75
1 12
1 15
1 16
1 17
1 19
1 85
1 22
1 23
1 24
1 89
1 27
1 30
1 31
1 32
1 34
1 36
1 39
1 40
1 41
1 44
1 46
1 47
1 50
1 53
1 73
1 57
2 5
2 7
2 8
2 10
2 11
2 14
2 18
2 21
2 86
2 28
2 37
2 38
2 42
2 43
2 78
2 48
2 49
2 72
2 59
2 60
2 62
2 63
3 5
3 7
3 8
3 10
3 11
3 14
3 18
3 84
3 21
3 87
3 88
3 26
3 37
3 38
3 42
3 43
3 48
3 72
3 52
3 54
3 55
3 58
3 65
3 63
5 69
5 6
5 71
5 9
5 74
5 83
5 12
5 13
5 15
5 16
5 81
5 19
5 20
5 85
5 22
5 23
5 25
5 27
5 29
5 31
5 33
5 34
5 35
5 36
5 67
5 45
5 76
5 50
5 51
5 53
5 89
5 73
5 56
6 60
7 36
7 69
7 70
7 73
7 81
7 19
7 85
7 22
7 9
7 56
7 29
8 68
8 69
8 70
8 71
8 9
8 13
8 80
8 81
8 19
8 85
8 22
8 89
8 29
8 31
8 34
8 35
8 36
8 40
8 51
8 53
8 73
8 56
8 61
9 10
9 11
9 14
9 18
9 21
9 88
9 26
9 28
9 37
9 38
9 42
9 43
9 65
9 48
9 49
9 52
9 55
9 58
9 60
9 63
10 19
10 51
10 68
10 73
10 13
10 80
10 35
10 85
10 56
10 29
11 34
11 36
11 69
11 70
11 40
11 13
11 19
11 53
11 22
11 73
11 89
11 85
11 31
12 18
12 84
12 38
12 65
12 87
12 59
12 60
12 62
12 37
13 65
13 38
13 60
13 42
13 43
13 48
13 72
13 18
13 84
13 21
13 54
13 55
13 58
13 59
13 28
13 37
14 68
14 70
14 76
14 80
14 81
14 19
14 85
14 22
14 89
14 29
14 31
14 67
14 35
14 36
14 40
14 51
14 53
14 73
14 61
15 18
15 84
15 65
15 88
15 60
15 37
16 84
16 18
16 60
18 35
18 68
18 51
18 81
18 80
18 67
18 76
18 19
18 85
18 73
18 56
18 29
19 48
19 72
19 54
19 55
19 60
19 42
19 63
20 60
21 34
21 36
21 69
21 70
21 81
21 53
21 22
21 73
21 56
21 29
22 43
22 48
22 49
22 54
22 55
22 58
22 60
22 63
23 60
25 60
26 29
26 81
26 73
28 56
28 73
29 65
29 42
29 49
29 84
29 72
29 88
29 63
29 60
29 37
31 48
31 60
31 63
33 60
34 48
34 54
34 49
34 55
34 60
35 38
35 72
35 84
35 78
35 87
35 59
35 60
35 42
35 62
35 37
36 43
36 48
36 49
36 54
36 55
36 60
36 63
37 66
37 39
37 67
37 46
37 80
37 81
37 82
37 51
37 77
37 73
37 56
37 68
38 68
38 71
38 80
38 67
38 76
38 51
38 73
38 56
40 48
40 43
40 55
40 58
40 63
42 51
42 68
42 71
42 80
42 81
42 85
42 73
42 56
43 53
43 70
43 69
46 88
46 65
48 69
48 70
48 85
48 73
48 89
48 61
49 69
49 70
49 73
49 81
49 53
49 56
50 60
51 65
51 72
51 84
51 88
51 60
51 63
52 73
53 63
53 58
54 69
54 70
54 85
55 69
55 73
55 85
56 65
56 60
56 78
56 84
56 86
56 87
56 72
56 88
56 59
56 62
58 70
59 67
60 67
60 68
60 69
60 71
60 74
60 81
60 70
60 89
60 73
60 61
61 63
62 67
62 76
63 69
63 80
63 81
63 73
63 68
63 85
65 66
65 77
65 71
65 81
65 82
65 73
66 88
67 84
67 78
67 86
67 87
68 72
68 84
68 87
71 87
71 88
72 80
72 81
72 85
73 84
73 87
76 84
76 78
76 86
77 88
80 84
80 87
81 84
81 88
82 88
