0 6
0 9
0 16
0 18
0 22
0 24
0 29
0 30
0 33
0 36
0 41
0 42
0 48
0 51
0 64
0 67
0 79
0 85
0 88
0 94
0 97
1 10
1 15
1 24
1 25
1 40
1 42
1 43
1 44
1 49
1 50
1 57
1 88
1 89
1 95
1 97
2 1
2 2
2 5
2 13
2 15
2 22
2 40
2 46
2 47
2 63
2 64
2 67
2 71
2 72
2 73
2 74
2 87
2 95
2 97
3 9
3 16
3 18
3 22
3 30
3 37
3 50
3 51
3 57
3 58
3 59
3 63
3 71
3 74
3 81
3 82
3 85
3 90
4 13
4 15
4 20
4 21
4 24
4 25
4 32
4 34
4 36
4 45
4 51
4 63
4 67
4 68
4 69
4 74
4 94
4 95
4 97
5 4
5 5
5 13
5 14
5 16
5 19
5 34
5 41
5 46
5 49
5 54
5 59
5 62
5 63
5 71
5 78
5 79
5 83
5 84
5 91
5 98
6 1
6 10
6 12
6 27
6 29
6 31
6 43
6 64
6 72
6 90
7 2
7 7
7 17
7 23
7 24
7 27
7 39
7 43
7 68
7 74
7 75
7 76
7 77
7 83
7 91
7 95
7 96
7 97
7 98
8 7
8 12
8 25
8 28
8 29
8 36
8 39
8 45
8 64
8 66
8 68
8 69
8 79
8 81
8 82
8 83
8 87
8 88
8 98
8 99
9 5
9 9
9 31
9 32
9 46
9 49
9 52
9 62
9 63
9 69
9 70
9 75
9 77
9 83
9 84
9 88
9 93
10 0
10 2
10 7
10 8
10 9
10 10
10 14
10 20
10 23
10 25
10 39
10 41
10 49
10 55
10 58
10 60
10 63
10 66
10 84
10 85
10 86
11 6
11 7
11 9
11 16
11 17
11 20
11 26
11 29
11 38
11 39
11 43
11 46
11 50
11 54
11 58
11 62
11 63
11 74
11 76
11 88
11 91
11 97
12 4
12 7
12 12
12 19
12 23
12 25
12 26
12 29
12 31
12 35
12 40
12 49
12 56
12 62
12 70
12 76
12 78
12 91
13 0
13 2
13 4
13 13
13 19
13 22
13 25
13 36
13 40
13 44
13 56
13 57
13 59
13 60
13 61
13 63
13 65
13 67
13 69
13 71
13 76
13 79
13 80
13 82
13 88
13 89
13 91
13 97
14 3
14 12
14 17
14 20
14 36
14 60
14 63
14 77
14 78
14 83
14 89
14 93
14 95
14 99
15 12
15 14
15 17
15 19
15 21
15 26
15 28
15 29
15 37
15 42
15 49
15 57
15 63
15 67
15 68
15 71
15 75
15 78
15 84
15 85
15 88
16 3
16 4
16 5
16 10
16 11
16 21
16 26
16 29
16 32
16 48
16 52
16 55
16 59
16 60
16 62
16 65
16 66
16 70
16 72
16 73
16 74
16 80
16 85
16 92
17 21
17 30
17 39
17 43
17 56
17 60
17 61
17 74
17 77
17 78
17 84
17 87
18 0
18 7
18 15
18 17
18 28
18 33
18 34
18 37
18 62
18 63
18 64
18 72
18 73
18 77
18 88
18 89
18 93
18 99
19 4
19 8
19 16
19 28
19 29
19 34
19 43
19 44
19 45
19 47
19 51
19 64
19 70
19 75
19 87
19 91
19 92
19 95
19 96
19 98
20 1
20 11
20 20
20 21
20 23
20 24
20 25
20 27
20 30
20 34
20 38
20 47
20 59
20 69
20 71
20 73
20 74
20 75
20 77
20 80
20 82
20 89
21 2
21 5
21 7
21 10
21 11
21 17
21 30
21 34
21 54
21 55
21 61
21 66
21 70
21 72
21 88
21 89
21 90
21 91
21 99
22 5
22 11
22 13
22 19
22 20
22 21
22 28
22 36
22 41
22 44
22 57
22 63
22 64
22 66
22 71
22 84
22 87
22 97
22 99
23 3
23 10
23 18
23 21
23 30
23 46
23 50
23 62
23 66
23 70
23 77
23 82
23 87
23 90
23 96
24 3
24 5
24 7
24 10
24 17
24 26
24 31
24 32
24 45
24 47
24 49
24 51
24 56
24 57
24 58
24 59
24 61
24 63
24 83
24 85
24 87
24 89
24 93
24 95
24 97
25 5
25 10
25 17
25 22
25 26
25 29
25 30
25 32
25 34
25 42
25 51
25 55
25 58
25 59
25 63
25 64
25 66
25 74
25 88
25 90
25 94
25 96
26 12
26 17
26 18
26 29
26 35
26 36
26 37
26 41
26 45
26 48
26 55
26 59
26 64
26 70
26 74
26 75
26 86
26 88
27 1
27 9
27 12
27 13
27 18
27 19
27 31
27 32
27 33
27 34
27 37
27 38
27 39
27 40
27 44
27 47
27 53
27 58
27 66
27 67
27 71
27 77
27 87
28 1
28 4
28 14
28 17
28 18
28 21
28 22
28 23
28 27
28 52
28 53
28 59
28 60
28 62
28 85
28 89
28 90
28 93
29 2
29 7
29 14
29 25
29 31
29 38
29 39
29 43
29 47
29 52
29 59
29 69
29 73
29 77
29 79
29 81
29 87
29 89
29 91
29 99
30 3
30 9
30 13
30 14
30 20
30 23
30 24
30 29
30 36
30 42
30 43
30 44
30 49
30 51
30 58
30 68
30 70
30 71
30 72
30 75
30 84
30 86
30 87
30 88
31 6
31 8
31 11
31 13
31 14
31 15
31 16
31 25
31 28
31 31
31 36
31 38
31 45
31 46
31 67
31 71
31 75
31 79
31 84
31 86
31 87
31 95
31 97
32 8
32 11
32 21
32 23
32 24
32 35
32 38
32 40
32 55
32 56
32 58
32 61
32 62
32 63
32 76
32 83
32 86
32 89
32 90
32 91
32 96
32 98
33 8
33 11
33 25
33 29
33 37
33 39
33 43
33 54
33 56
33 57
33 58
33 64
33 72
33 75
33 83
33 88
33 90
33 96
33 99
34 5
34 12
34 17
34 18
34 25
34 33
34 35
34 37
34 65
34 66
34 71
34 74
34 80
34 82
34 83
34 89
34 90
34 95
34 96
35 4
35 7
35 19
35 25
35 28
35 36
35 44
35 47
35 48
35 49
35 51
35 52
35 53
35 54
35 63
35 65
35 70
35 73
35 89
35 90
35 99
36 2
36 8
36 10
36 15
36 17
36 21
36 26
36 27
36 37
36 38
36 46
36 47
36 49
36 51
36 52
36 54
36 64
36 67
36 70
36 71
36 81
36 89
36 96
37 0
37 8
37 13
37 15
37 16
37 17
37 20
37 23
37 30
37 35
37 37
37 38
37 40
37 41
37 44
37 58
37 67
37 73
37 80
37 81
37 89
37 91
37 92
37 95
37 97
38 4
38 8
38 14
38 21
38 26
38 31
38 32
38 33
38 36
38 37
38 39
38 51
38 53
38 55
38 74
38 79
38 81
38 82
38 86
38 89
38 94
39 3
39 22
39 29
39 32
39 36
39 40
39 41
39 61
39 80
39 85
39 87
39 90
39 93
39 96
39 99
40 2
40 5
40 24
40 36
40 40
40 41
40 46
40 61
40 63
40 65
40 66
40 73
40 74
40 75
40 86
40 91
41 2
41 6
41 8
41 12
41 15
41 19
41 24
41 28
41 32
41 33
41 42
41 52
41 55
41 56
41 57
41 61
41 67
41 72
41 78
41 84
42 3
42 14
42 15
42 23
42 24
42 28
42 33
42 35
42 44
42 45
42 53
42 61
42 78
42 80
42 89
42 90
42 98
43 16
43 23
43 25
43 26
43 34
43 35
43 42
43 51
43 52
43 53
43 64
43 70
43 71
43 78
43 81
43 94
43 95
43 96
44 11
44 12
44 18
44 19
44 21
44 23
44 29
44 45
44 46
44 59
44 60
44 61
44 80
44 85
44 88
44 96
45 0
45 2
45 3
45 4
45 6
45 8
45 9
45 10
45 12
45 28
45 31
45 45
45 46
45 47
45 49
45 50
45 57
45 64
45 73
45 75
45 76
45 79
45 88
45 99
46 1
46 6
46 10
46 20
46 27
46 28
46 32
46 33
46 54
46 55
46 69
46 70
46 71
46 72
46 75
46 88
47 10
47 15
47 18
47 21
47 23
47 25
47 35
47 41
47 42
47 49
47 55
47 63
47 71
47 74
47 77
47 85
47 91
48 13
48 17
48 18
48 19
48 20
48 26
48 42
48 46
48 51
48 55
48 72
48 78
48 83
48 86
48 91
48 96
48 98
49 8
49 14
49 16
49 20
49 28
49 36
49 39
49 43
49 45
49 46
49 48
49 55
49 59
49 62
49 66
49 70
49 76
49 80
49 81
49 83
49 85
49 87
49 91
49 96
50 8
50 9
50 10
50 12
50 19
50 23
50 38
50 40
50 42
50 55
50 80
50 86
50 87
50 88
50 89
50 91
50 94
50 99
51 0
51 4
51 9
51 13
51 15
51 39
51 40
51 43
51 49
51 57
51 60
51 63
51 66
51 68
51 75
51 76
51 79
51 80
51 81
51 86
51 89
51 91
52 3
52 11
52 15
52 23
52 27
52 31
52 49
52 55
52 56
52 61
52 62
52 69
52 72
52 76
52 80
52 82
52 89
52 92
52 98
53 3
53 14
53 15
53 16
53 17
53 18
53 20
53 30
53 31
53 44
53 46
53 50
53 52
53 53
53 61
53 66
53 70
53 91
53 92
53 95
54 0
54 5
54 7
54 9
54 14
54 16
54 30
54 35
54 37
54 42
54 43
54 46
54 49
54 51
54 58
54 59
54 61
54 63
54 65
54 66
54 71
54 77
54 79
54 94
54 97
55 6
55 10
55 12
55 18
55 22
55 33
55 39
55 41
55 46
55 47
55 49
55 50
55 63
55 67
55 68
55 69
55 72
55 83
55 86
55 87
55 89
55 97
55 98
56 8
56 14
56 16
56 17
56 20
56 31
56 37
56 38
56 44
56 45
56 53
56 54
56 57
56 58
56 68
56 76
56 79
56 80
56 85
56 90
56 94
57 2
57 3
57 9
57 17
57 36
57 42
57 56
57 59
57 69
57 70
57 82
57 84
57 85
57 89
57 93
57 97
57 99
58 10
58 11
58 15
58 19
58 31
58 38
58 40
58 43
58 49
58 52
58 54
58 60
58 62
58 63
58 67
58 77
58 79
58 83
58 87
58 90
58 92
58 94
59 0
59 2
59 8
59 11
59 15
59 16
59 20
59 25
59 26
59 30
59 32
59 34
59 46
59 52
59 57
59 59
59 70
59 72
59 79
59 82
59 83
59 88
59 89
59 90
59 97
60 5
60 18
60 20
60 30
60 36
60 39
60 42
60 48
60 58
60 63
60 79
60 87
60 91
60 93
60 96
60 99
61 16
61 19
61 20
61 21
61 23
61 27
61 29
61 32
61 34
61 36
61 38
61 41
61 45
61 46
61 47
61 56
61 57
61 70
61 72
61 74
61 75
61 90
61 96
61 98
62 0
62 2
62 5
62 9
62 16
62 18
62 22
62 23
62 30
62 51
62 54
62 70
62 73
62 74
62 84
62 85
62 90
62 97
62 98
63 2
63 9
63 18
63 31
63 36
63 37
63 38
63 40
63 44
63 50
63 52
63 58
63 66
63 69
63 75
63 87
63 88
63 90
63 91
63 98
64 0
64 2
64 6
64 9
64 11
64 18
64 19
64 30
64 43
64 46
64 53
64 58
64 59
64 67
64 70
64 73
64 74
64 79
64 86
64 96
65 2
65 3
65 5
65 7
65 13
65 36
65 37
65 40
65 41
65 46
65 50
65 57
65 58
65 59
65 61
65 66
65 67
65 70
65 71
65 76
65 77
65 78
65 86
65 88
65 98
65 99
66 1
66 6
66 7
66 9
66 14
66 15
66 18
66 21
66 26
66 29
66 32
66 39
66 46
66 48
66 50
66 54
66 59
66 64
66 71
66 72
66 82
66 83
66 84
66 86
66 94
66 95
67 4
67 7
67 9
67 11
67 15
67 16
67 19
67 21
67 26
67 30
67 34
67 36
67 39
67 41
67 44
67 45
67 46
67 48
67 57
67 58
67 60
67 64
67 69
67 73
67 75
67 89
67 94
67 95
67 96
67 98
67 99
68 4
68 15
68 20
68 26
68 28
68 31
68 33
68 36
68 39
68 40
68 42
68 48
68 50
68 53
68 80
68 86
68 96
69 11
69 12
69 13
69 14
69 20
69 26
69 27
69 31
69 33
69 38
69 39
69 40
69 47
69 51
69 52
69 60
69 65
69 66
69 70
69 77
69 88
69 97
70 8
70 12
70 16
70 27
70 31
70 68
70 69
70 72
70 74
70 75
70 77
70 84
70 86
70 89
70 93
70 96
71 2
71 4
71 12
71 18
71 20
71 23
71 31
71 34
71 43
71 47
71 52
71 56
71 68
71 80
71 81
71 82
71 87
71 90
71 92
71 95
72 8
72 9
72 14
72 18
72 19
72 22
72 26
72 28
72 37
72 41
72 52
72 53
72 66
72 67
72 76
72 79
72 89
73 3
73 6
73 7
73 12
73 14
73 21
73 24
73 26
73 27
73 31
73 39
73 43
73 45
73 46
73 52
73 53
73 61
73 63
73 65
73 68
73 69
73 76
73 77
73 80
73 81
73 85
73 86
73 89
73 99
74 7
74 12
74 21
74 25
74 28
74 31
74 33
74 40
74 43
74 44
74 45
74 46
74 51
74 55
74 58
74 62
74 65
74 70
74 90
74 91
74 92
74 96
75 1
75 3
75 8
75 10
75 14
75 15
75 22
75 25
75 28
75 31
75 40
75 49
75 56
75 57
75 58
75 60
75 74
75 76
75 88
75 90
75 92
75 93
76 0
76 14
76 16
76 20
76 21
76 22
76 24
76 26
76 27
76 32
76 35
76 37
76 44
76 56
76 61
76 63
76 69
76 71
76 72
76 79
76 80
76 82
77 7
77 15
77 16
77 18
77 19
77 20
77 21
77 25
77 39
77 42
77 48
77 52
77 57
77 61
77 65
77 70
77 75
77 81
77 85
77 89
78 7
78 14
78 21
78 23
78 27
78 35
78 41
78 47
78 53
78 60
78 62
78 66
78 70
78 73
78 93
78 96
79 3
79 4
79 30
79 34
79 49
79 51
79 56
79 61
79 62
79 64
79 66
79 73
79 78
79 79
79 81
79 87
79 90
80 0
80 5
80 6
80 8
80 9
80 15
80 16
80 17
80 20
80 33
80 44
80 45
80 46
80 50
80 59
80 67
80 70
80 72
80 74
80 75
80 80
80 94
81 0
81 4
81 7
81 17
81 19
81 22
81 26
81 28
81 32
81 38
81 41
81 62
81 64
81 73
81 76
81 81
81 93
81 98
82 3
82 5
82 6
82 9
82 10
82 15
82 16
82 17
82 28
82 29
82 37
82 43
82 48
82 50
82 52
82 53
82 60
82 61
82 66
82 67
82 78
82 83
82 85
82 89
82 94
82 97
83 0
83 8
83 13
83 15
83 22
83 31
83 47
83 49
83 51
83 56
83 58
83 61
83 67
83 69
83 73
83 74
83 75
83 82
83 85
83 89
83 98
83 99
84 1
84 4
84 11
84 20
84 24
84 28
84 31
84 35
84 51
84 67
84 68
84 77
84 82
84 85
84 90
84 96
85 0
85 6
85 12
85 17
85 19
85 22
85 25
85 27
85 32
85 33
85 40
85 50
85 53
85 55
85 66
85 69
85 72
85 73
85 75
85 79
85 85
85 86
85 93
85 94
85 96
85 97
85 99
86 0
86 1
86 3
86 5
86 7
86 8
86 11
86 12
86 13
86 18
86 21
86 23
86 29
86 31
86 32
86 43
86 51
86 52
86 55
86 59
86 64
86 65
86 67
86 74
86 90
86 91
86 93
86 98
87 0
87 10
87 12
87 19
87 27
87 47
87 53
87 54
87 56
87 61
87 62
87 63
87 73
87 77
87 79
87 80
87 84
87 87
87 88
87 92
87 96
87 98
88 3
88 4
88 6
88 13
88 21
88 28
88 40
88 45
88 55
88 59
88 60
88 65
88 66
88 67
88 81
88 82
88 97
88 98
89 1
89 2
89 7
89 9
89 14
89 20
89 24
89 25
89 27
89 36
89 39
89 55
89 60
89 62
89 68
89 69
89 70
89 76
89 80
89 86
89 88
89 89
89 95
89 99
90 6
90 12
90 17
90 18
90 21
90 25
90 29
90 30
90 38
90 42
90 56
90 58
90 63
90 67
90 70
90 72
90 79
90 87
90 90
90 98
91 6
91 14
91 16
91 17
91 18
91 21
91 23
91 34
91 45
91 52
91 53
91 58
91 75
91 78
91 80
91 82
91 88
91 90
91 93
92 5
92 8
92 9
92 11
92 17
92 21
92 25
92 34
92 37
92 45
92 47
92 62
92 70
92 72
92 74
92 78
92 80
92 85
92 86
92 90
92 97
93 0
93 5
93 14
93 16
93 19
93 21
93 23
93 27
93 34
93 38
93 39
93 41
93 53
93 61
93 70
93 73
93 76
93 80
93 84
93 85
93 88
93 91
93 94
93 96
94 6
94 7
94 13
94 23
94 30
94 34
94 37
94 38
94 48
94 49
94 50
94 51
94 52
94 54
94 66
94 67
94 72
94 75
94 81
94 83
94 89
94 90
94 91
94 92
94 94
94 97
95 12
95 14
95 15
95 21
95 33
95 37
95 39
95 47
95 53
95 57
95 60
95 61
95 64
95 97
96 0
96 15
96 16
96 19
96 20
96 21
96 24
96 27
96 29
96 35
96 37
96 47
96 49
96 51
96 59
96 61
96 62
96 65
96 78
96 88
96 90
96 97
96 99
97 8
97 18
97 21
97 33
97 38
97 43
97 49
97 50
97 53
97 62
97 67
97 78
97 90
97 98
98 2
98 3
98 13
98 15
98 19
98 28
98 29
98 34
98 35
98 36
98 37
98 38
98 39
98 44
98 46
98 49
98 50
98 54
98 55
98 56
98 57
98 70
98 73
98 74
98 80
98 81
98 83
98 90
98 95
99 2
99 4
99 9
99 12
99 16
99 18
99 19
99 21
99 25
99 32
99 36
99 47
99 48
99 49
99 52
99 54
99 59
99 61
99 63
99 70
99 83
99 84
99 87
99 89
99 91
99 96
99 98
