0 1
0 2
0 8
0 9
0 13
1 3
1 7
1 12
2 1
2 3
2 5
2 8
2 9
2 10
2 12
2 13
2 15
3 0
3 2
3 8
3 11
3 15
3 16
3 17
4 0
4 3
4 5
4 6
4 10
4 11
4 12
4 14
4 18
4 19
5 1
5 11
5 12
5 14
5 15
5 16
5 18
6 8
6 9
6 13
6 14
6 18
7 0
7 1
7 2
7 4
7 5
7 8
7 9
7 10
7 13
7 14
7 15
7 16
8 3
8 4
8 6
8 7
8 10
8 14
8 17
8 18
9 0
9 1
9 4
9 6
9 8
9 12
9 15
9 16
9 19
10 3
10 4
10 6
10 8
10 9
10 10
11 4
11 6
11 7
11 11
11 13
11 14
11 15
11 19
12 1
12 4
12 5
12 7
12 9
12 10
12 14
12 16
12 17
12 19
13 1
13 2
13 6
13 9
13 10
13 11
13 12
13 14
13 15
13 17
14 1
14 5
14 7
14 9
14 10
14 15
14 16
14 18
15 5
15 7
15 8
15 10
16 1
16 5
16 6
16 7
16 10
16 16
16 17
16 18
16 19
17 1
17 4
17 5
17 9
17 11
17 12
17 13
18 1
18 3
18 4
18 5
18 6
18 16
18 19
19 2
19 3
19 8
19 9
19 10
19 11
19 15
19 17
19 18
