0 5
0 7
0 9
0 11
0 17
0 19
0 22
1 2
1 16
1 19
1 22
1 28
2 6
2 7
2 9
2 11
2 14
2 15
2 17
2 18
2 22
2 26
3 2
3 13
3 15
3 16
3 17
3 24
3 28
4 3
4 12
4 16
4 23
4 28
5 0
5 12
5 20
5 27
5 28
6 12
6 28
7 13
7 14
7 22
7 24
7 25
7 27
7 28
8 6
8 9
8 14
8 15
8 17
8 26
8 28
9 10
9 11
9 16
9 17
10 2
10 12
10 23
10 27
10 29
11 5
11 6
11 10
11 13
11 16
11 20
11 22
11 24
12 3
12 7
12 13
12 28
13 10
13 13
13 14
13 17
13 23
13 24
14 3
14 15
14 23
14 25
14 26
15 5
15 7
15 12
15 13
15 14
16 3
16 6
16 9
16 11
16 17
16 19
16 21
16 29
17 6
17 16
17 18
17 19
17 21
17 23
17 25
17 27
17 28
18 3
18 6
18 8
18 10
18 20
18 22
18 26
19 8
19 11
19 21
19 28
20 12
20 14
20 17
20 19
21 5
21 6
21 8
21 9
21 11
21 16
21 17
21 19
21 21
21 22
21 28
22 4
22 8
22 9
22 14
22 19
22 22
22 23
22 28
23 4
23 5
23 6
23 9
23 11
23 16
23 22
23 24
24 4
24 10
24 11
24 18
24 22
24 26
25 1
25 8
25 9
25 14
25 20
25 26
26 11
26 13
26 16
26 18
26 19
26 21
26 23
27 0
27 3
27 7
27 10
27 15
27 24
27 27
28 6
28 8
28 19
28 27
28 28
29 11
29 12
29 16
29 19
29 22
