0 1
0 2
0 3
0 5
0 7
0 11
0 15
0 16
0 17
0 18
0 19
0 22
0 24
0 25
0 26
0 27
0 28
0 31
0 32
0 34
0 35
0 37
0 38
0 39
1 1
1 4
1 5
1 6
1 7
1 10
1 12
1 14
1 19
1 20
1 24
1 25
1 26
1 28
1 31
1 33
1 34
1 38
1 39
2 0
2 4
2 7
2 8
2 9
2 10
2 13
2 14
2 15
2 16
2 20
2 22
2 23
2 26
2 28
2 29
2 30
2 33
2 34
2 36
2 37
2 39
3 1
3 3
3 4
3 5
3 7
3 8
3 10
3 14
3 21
3 22
3 25
3 28
3 29
3 30
3 34
3 36
3 37
3 38
3 39
4 2
4 3
4 4
4 9
4 14
4 20
4 22
4 25
4 27
4 28
4 29
4 32
4 37
4 38
5 0
5 2
5 9
5 10
5 11
5 17
5 18
5 23
5 24
5 25
5 27
5 30
5 31
5 36
5 39
6 3
6 4
6 5
6 8
6 12
6 13
6 14
6 15
6 18
6 21
6 24
6 26
6 28
6 29
6 32
6 33
6 35
6 37
6 39
7 2
7 7
7 12
7 16
7 19
7 20
7 23
7 24
7 25
7 26
7 29
7 31
7 35
7 36
7 37
7 38
8 1
8 2
8 3
8 4
8 5
8 7
8 8
8 12
8 15
8 16
8 18
8 20
8 22
8 24
8 26
8 28
8 30
8 33
8 35
8 36
8 39
9 7
9 12
9 13
9 14
9 18
9 19
9 21
9 22
9 24
9 26
9 29
9 30
9 31
9 33
9 35
9 37
9 39
10 1
10 2
10 3
10 5
10 6
10 9
10 13
10 15
10 19
10 21
10 22
10 24
10 25
10 32
10 35
10 37
10 39
11 2
11 4
11 6
11 7
11 9
11 10
11 13
11 17
11 23
11 25
11 27
11 28
11 30
11 33
11 34
11 35
11 37
12 0
12 3
12 4
12 10
12 18
12 20
12 21
12 22
12 25
12 26
12 28
12 29
12 31
12 33
12 34
12 38
12 39
13 0
13 4
13 6
13 8
13 11
13 14
13 15
13 16
13 17
13 18
13 20
13 27
13 35
13 36
13 37
14 0
14 2
14 3
14 13
14 14
14 15
14 16
14 20
14 21
14 22
14 23
14 24
14 25
14 26
14 27
14 28
14 29
14 34
14 35
14 37
14 39
15 6
15 8
15 17
15 19
15 21
15 22
15 24
15 25
15 31
15 33
16 3
16 5
16 7
16 11
16 19
16 20
16 21
16 22
16 25
16 26
16 27
16 28
16 34
16 35
16 37
16 38
17 2
17 3
17 7
17 9
17 11
17 12
17 14
17 16
17 19
17 20
17 33
17 34
17 36
17 38
18 1
18 2
18 18
18 20
18 23
18 24
18 27
18 28
18 29
18 35
19 2
19 3
19 7
19 9
19 12
19 13
19 18
19 21
19 22
19 24
19 27
19 29
19 30
19 33
19 34
19 39
20 2
20 3
20 6
20 10
20 15
20 18
20 19
20 22
20 24
20 25
20 27
20 28
20 31
20 32
20 35
20 36
20 38
21 0
21 1
21 5
21 6
21 10
21 13
21 15
21 16
21 17
21 21
21 22
21 23
21 26
21 27
21 30
21 32
21 35
21 36
21 37
21 38
21 39
22 0
22 6
22 8
22 10
22 13
22 15
22 16
22 18
22 21
22 24
22 29
22 32
22 33
22 34
22 35
22 37
22 38
22 39
23 0
23 1
23 2
23 3
23 7
23 13
23 14
23 15
23 21
23 24
23 29
23 30
23 32
23 35
23 39
24 0
24 8
24 15
24 16
24 19
24 22
24 28
24 33
24 35
24 36
24 39
25 0
25 2
25 3
25 5
25 9
25 10
25 12
25 16
25 17
25 20
25 23
25 29
25 30
25 32
25 33
25 34
25 35
25 37
25 38
25 39
26 0
26 5
26 6
26 7
26 9
26 17
26 22
26 23
26 27
26 28
26 32
26 38
26 39
27 0
27 1
27 5
27 6
27 10
27 13
27 14
27 17
27 23
27 25
27 26
27 31
27 33
27 35
27 36
27 37
28 2
28 5
28 9
28 12
28 13
28 16
28 19
28 21
28 22
28 25
28 28
28 34
28 36
29 3
29 4
29 5
29 13
29 18
29 22
29 23
29 27
29 28
29 30
29 31
29 32
29 35
29 37
29 38
30 3
30 6
30 10
30 13
30 14
30 17
30 20
30 21
30 23
30 24
30 26
30 31
30 32
30 33
30 34
30 35
30 38
30 39
31 2
31 5
31 7
31 9
31 10
31 11
31 13
31 14
31 16
31 17
31 28
31 31
31 32
31 33
31 38
32 0
32 1
32 6
32 8
32 11
32 12
32 15
32 17
32 18
32 20
32 22
32 28
32 31
32 33
33 0
33 2
33 3
33 5
33 8
33 11
33 13
33 16
33 19
33 20
33 21
33 26
33 30
33 34
34 0
34 5
34 7
34 9
34 10
34 11
34 13
34 15
34 18
34 22
34 25
34 27
34 28
34 31
34 34
34 35
34 36
34 39
35 1
35 4
35 6
35 8
35 9
35 17
35 18
35 19
35 21
35 22
35 24
35 28
35 29
35 31
35 32
35 34
35 37
35 39
36 3
36 5
36 8
36 15
36 16
36 19
36 29
36 39
37 0
37 4
37 7
37 9
37 11
37 14
37 15
37 17
37 19
37 20
37 25
37 29
37 33
37 39
38 1
38 6
38 7
38 8
38 11
38 13
38 15
38 20
38 22
38 30
38 33
38 35
38 36
39 2
39 3
39 4
39 10
39 11
39 12
39 13
39 23
39 24
39 26
39 28
39 34
39 37
39 38
