0 3
0 5
0 6
0 16
0 17
0 18
0 20
0 28
0 30
0 32
0 33
0 36
1 2
1 13
1 23
1 27
1 35
1 39
2 4
2 7
2 19
2 27
2 36
2 38
3 1
3 2
3 3
3 5
3 18
3 19
3 20
3 21
3 32
3 33
3 36
4 0
4 5
4 7
4 8
4 11
4 18
4 20
4 29
4 32
4 33
4 37
5 12
5 17
5 20
5 22
5 25
5 26
5 31
5 37
5 39
6 1
6 6
6 10
6 11
6 19
6 23
6 26
6 39
7 0
7 4
7 11
7 12
7 13
7 15
7 18
7 22
7 23
7 32
7 38
7 39
8 3
8 9
8 15
8 18
8 22
8 30
8 31
8 38
9 4
9 9
9 10
9 21
9 23
9 26
9 30
9 33
9 34
9 35
10 7
10 12
10 16
10 17
10 27
10 28
10 30
11 4
11 6
11 16
11 19
11 21
11 23
11 25
11 27
11 30
11 31
11 32
11 35
11 38
12 3
12 4
12 6
12 15
12 19
12 21
12 22
12 27
12 29
12 30
13 3
13 5
13 9
13 19
13 22
13 25
13 28
13 29
13 32
13 34
13 36
14 3
14 16
14 20
14 22
14 24
14 28
14 29
14 31
14 34
14 35
14 36
14 37
15 0
15 2
15 16
15 23
15 27
15 31
16 2
16 5
16 7
16 13
16 29
16 31
16 39
17 1
17 7
17 9
17 16
17 24
17 30
17 36
18 8
18 13
18 16
18 20
18 22
18 23
18 25
18 29
18 31
19 3
19 5
19 11
19 14
19 15
19 17
19 22
19 35
19 36
19 37
20 1
20 12
20 14
20 15
20 17
20 19
20 20
20 21
20 22
20 25
20 29
20 33
20 36
20 37
21 0
21 2
21 3
21 6
21 20
21 22
21 23
21 26
21 35
22 6
22 10
22 12
22 23
22 31
22 32
22 33
22 39
23 5
23 11
23 14
23 30
24 4
24 11
24 13
24 14
24 19
24 20
24 21
24 23
24 26
24 39
25 7
25 13
25 15
25 20
25 24
25 25
25 31
25 35
25 36
26 3
26 7
26 10
26 13
26 15
26 22
26 30
26 33
26 34
26 37
27 3
27 18
27 20
27 21
27 22
27 39
28 2
28 10
28 11
28 13
28 20
28 21
28 25
28 26
28 32
28 39
29 3
29 24
29 25
29 32
29 35
30 0
30 10
30 11
30 16
30 17
30 24
30 34
31 0
31 9
31 10
31 18
31 21
31 23
31 24
31 31
31 38
32 11
32 13
32 15
32 19
32 28
32 31
32 39
33 1
33 8
33 18
33 20
33 22
33 26
34 0
34 3
34 19
34 20
34 22
34 23
34 35
34 36
35 6
35 8
35 15
35 22
35 31
35 33
35 37
36 0
36 2
36 3
36 7
36 19
36 27
37 4
37 21
37 27
37 28
37 39
38 3
38 8
38 12
38 15
38 18
38 27
38 28
38 30
38 33
38 35
38 37
39 0
39 2
39 4
39 16
39 26
39 39
