0 2
0 10
0 21
0 33
0 35
0 45
1 4
1 10
1 19
1 24
1 33
1 36
1 45
1 48
1 49
2 4
2 10
2 19
2 32
2 49
3 2
3 3
3 8
3 10
3 14
3 15
3 21
3 25
3 33
3 34
3 38
3 41
3 42
3 45
3 46
3 49
4 14
4 16
4 18
4 22
4 37
5 2
5 9
5 22
5 28
5 33
5 38
5 39
5 46
6 0
6 3
6 4
6 6
6 7
6 14
6 16
6 23
6 24
6 27
6 34
7 1
7 5
7 8
7 9
7 13
7 15
7 16
7 22
7 26
7 28
7 30
7 32
7 43
7 48
8 0
8 9
8 10
8 14
8 18
8 37
8 43
9 4
9 7
9 32
9 34
9 35
9 41
10 3
10 4
10 7
10 11
10 19
10 23
10 43
10 46
11 3
11 10
11 11
11 14
11 21
11 29
11 31
11 33
11 35
11 41
11 47
12 2
12 3
12 11
12 16
12 19
12 23
12 31
12 33
12 40
12 43
13 6
13 10
13 19
13 23
13 25
13 31
13 33
13 38
13 40
13 41
13 48
13 49
14 6
14 14
14 18
14 20
14 32
14 39
15 0
15 10
15 12
15 14
15 34
15 39
15 49
16 9
16 10
16 11
16 13
16 18
16 22
16 24
16 25
16 35
16 39
16 42
16 43
16 46
17 4
17 7
17 9
17 17
17 18
17 20
17 35
17 37
17 40
17 43
18 6
18 10
18 11
18 14
18 20
18 27
18 30
18 31
18 34
18 38
19 4
19 8
19 9
19 21
19 25
19 27
19 30
19 32
19 36
19 40
19 41
19 45
19 46
20 4
20 5
20 6
20 15
20 18
20 23
20 25
20 26
20 27
20 30
20 37
20 38
20 47
20 48
21 4
21 14
21 19
21 24
21 34
21 46
22 6
22 7
22 12
22 27
22 32
22 33
22 34
22 39
22 40
22 45
23 3
23 7
23 9
23 10
23 11
23 17
23 25
23 31
23 34
23 35
23 40
23 41
23 44
23 49
24 1
24 4
24 6
24 9
24 10
24 16
24 17
24 18
24 23
24 32
25 1
25 2
25 4
25 5
25 19
25 25
25 26
25 28
25 31
25 37
25 38
25 42
25 46
25 47
25 49
26 9
26 12
26 30
26 33
26 36
26 41
27 2
27 4
27 10
27 32
27 35
27 47
27 48
27 49
28 2
28 3
28 8
28 19
28 27
28 28
28 38
28 40
28 49
29 6
29 9
29 12
29 15
29 16
29 18
29 25
29 26
29 29
29 30
29 37
30 5
30 7
30 11
30 13
30 14
30 15
30 34
30 37
30 39
31 3
31 4
31 18
31 22
31 23
31 28
31 37
31 42
31 48
32 2
32 10
32 14
32 15
32 16
32 22
32 24
32 27
32 28
32 30
32 31
32 36
32 43
33 3
33 6
33 9
33 14
33 17
33 21
33 23
33 24
33 25
33 30
33 36
33 43
33 47
33 49
34 2
34 6
34 8
34 10
34 11
34 16
34 18
34 20
34 23
34 24
34 28
34 34
34 40
34 41
34 45
34 47
34 49
35 0
35 1
35 9
35 20
35 25
35 26
35 27
35 31
35 33
35 35
35 45
35 46
36 10
36 18
36 23
36 28
36 34
36 37
36 38
36 41
36 49
37 0
37 2
37 3
37 8
37 9
37 20
37 28
37 34
37 38
37 40
37 49
38 2
38 4
38 11
38 13
38 19
38 37
38 45
39 1
39 6
39 15
39 22
39 23
39 30
39 32
39 37
39 39
39 40
39 41
39 46
39 49
40 2
40 7
40 11
40 12
40 13
40 18
40 19
40 22
40 26
40 27
40 29
40 31
40 32
40 41
40 44
41 1
41 4
41 10
41 11
41 21
41 29
41 30
41 33
41 43
41 45
41 46
41 47
42 19
42 24
42 31
42 37
43 11
43 13
43 20
43 24
43 25
43 31
43 34
43 35
43 46
43 48
44 3
44 5
44 7
44 11
44 12
44 18
44 22
44 24
44 28
44 39
44 42
44 46
44 47
45 0
45 4
45 7
45 13
45 21
45 29
45 32
45 35
45 37
46 1
46 3
46 5
46 10
46 16
46 19
46 24
46 30
46 32
46 38
46 48
47 5
47 11
47 17
47 21
47 30
47 31
47 35
47 39
47 46
48 10
48 21
48 23
48 26
48 28
48 29
48 32
48 34
48 35
48 39
48 46
48 47
48 49
49 0
49 5
49 13
49 15
49 24
49 31
49 33
49 35
49 36
49 43
49 45
