0 1
0 7
0 10
0 14
0 19
0 21
0 22
0 26
0 31
0 36
0 37
0 51
0 53
0 55
1 2
1 10
1 14
1 15
1 19
1 23
1 27
1 31
1 45
1 46
1 47
1 48
1 54
1 55
1 56
1 59
2 2
2 5
2 7
2 23
2 25
2 27
2 35
2 40
2 43
2 50
2 54
2 55
2 56
3 2
3 3
3 8
3 12
3 15
3 18
3 21
3 29
3 40
3 41
3 47
3 53
4 5
4 8
4 9
4 13
4 16
4 21
4 29
4 37
4 42
4 50
5 4
5 6
5 19
5 27
5 28
5 44
5 53
5 55
5 57
6 11
6 12
6 15
6 19
6 25
6 26
6 49
6 55
7 1
7 4
7 5
7 6
7 12
7 15
7 26
7 27
7 28
7 33
7 37
7 41
7 44
7 59
8 2
8 7
8 8
8 9
8 10
8 11
8 15
8 19
8 28
8 40
8 44
8 50
9 0
9 1
9 11
9 15
9 18
9 21
9 25
9 32
9 33
9 35
9 38
9 40
9 49
9 57
10 1
10 3
10 9
10 10
10 18
10 20
10 22
10 30
10 34
10 39
10 49
10 51
10 53
10 56
10 58
11 5
11 11
11 12
11 16
11 17
11 21
11 26
11 34
11 35
11 39
11 43
11 46
11 50
12 1
12 2
12 4
12 6
12 9
12 14
12 25
12 34
12 36
12 41
12 44
12 45
12 51
12 53
12 54
12 56
12 57
13 8
13 12
13 17
13 20
13 25
13 30
13 32
13 41
13 52
13 56
13 58
14 9
14 13
14 17
14 19
14 20
14 21
14 28
14 32
14 56
15 2
15 6
15 9
15 12
15 29
15 33
15 43
15 47
15 51
15 52
15 54
16 0
16 5
16 9
16 18
16 20
16 22
16 32
16 36
16 45
16 46
16 52
16 54
17 0
17 4
17 14
17 26
17 27
17 30
17 34
17 37
17 45
17 49
17 54
17 56
17 59
18 4
18 5
18 8
18 14
18 16
18 25
18 26
18 28
18 30
18 36
18 47
18 51
18 56
18 57
19 4
19 10
19 11
19 12
19 13
19 15
19 22
19 29
19 34
19 40
19 53
20 5
20 20
20 29
20 37
20 55
20 56
20 59
21 0
21 2
21 10
21 12
21 14
21 19
21 28
21 34
21 37
21 40
21 45
21 46
21 53
21 55
21 57
22 4
22 7
22 13
22 16
22 20
22 21
22 22
22 23
22 32
22 39
22 50
22 53
23 7
23 8
23 10
23 15
23 16
23 18
23 22
23 23
23 32
23 37
23 39
23 46
23 55
23 56
23 57
23 59
24 4
24 5
24 10
24 11
24 13
24 18
24 24
24 47
24 51
24 55
25 6
25 10
25 19
25 21
25 25
25 27
25 31
25 33
25 35
25 36
25 54
25 59
26 1
26 2
26 4
26 5
26 6
26 11
26 31
26 37
26 43
26 54
26 56
27 7
27 18
27 28
27 30
27 33
27 37
27 38
27 43
28 2
28 3
28 5
28 12
28 13
28 17
28 20
28 29
28 36
28 39
28 51
28 52
28 55
28 57
28 59
29 12
29 16
29 25
29 27
29 28
29 31
29 32
29 38
29 41
29 42
29 43
29 44
29 46
29 49
29 53
29 58
30 0
30 2
30 5
30 7
30 12
30 16
30 23
30 34
30 41
30 43
30 44
30 49
30 50
30 54
30 55
30 56
30 59
31 4
31 7
31 12
31 16
31 18
31 20
31 26
31 33
31 39
31 43
31 45
31 47
31 50
32 4
32 6
32 9
32 23
32 27
32 31
32 32
32 39
32 40
32 42
32 44
32 46
32 47
32 50
32 51
33 0
33 8
33 18
33 21
33 22
33 24
33 26
33 27
33 29
33 37
33 38
33 41
33 42
33 43
33 46
33 48
33 49
33 56
33 58
34 1
34 2
34 5
34 17
34 22
34 25
34 26
34 30
34 38
34 45
34 46
34 51
35 8
35 13
35 14
35 24
35 27
35 28
35 38
35 44
35 48
35 50
35 52
36 4
36 8
36 9
36 13
36 14
36 16
36 23
36 27
36 34
36 36
36 37
36 39
36 40
36 43
36 44
36 57
37 0
37 8
37 22
37 24
37 29
37 31
37 32
37 33
37 37
37 48
37 52
37 54
37 59
38 0
38 14
38 15
38 17
38 18
38 25
38 33
38 44
38 46
38 52
38 56
38 58
39 2
39 4
39 8
39 13
39 31
39 38
39 44
39 45
39 49
39 53
39 59
40 16
40 27
40 28
40 30
40 39
40 40
40 42
40 47
41 2
41 7
41 14
41 19
41 24
41 31
41 33
41 38
41 39
41 42
41 43
41 48
41 56
41 57
41 59
42 0
42 5
42 19
42 25
42 30
42 35
42 50
42 51
42 57
43 6
43 9
43 15
43 21
43 24
43 31
43 38
43 39
43 48
43 51
43 53
43 56
43 59
44 2
44 4
44 33
44 39
44 40
44 43
44 56
45 1
45 3
45 6
45 8
45 10
45 13
45 17
45 22
45 23
45 30
45 33
45 49
45 52
45 56
45 57
46 0
46 4
46 11
46 24
46 32
46 38
46 42
46 52
46 53
46 54
47 0
47 9
47 10
47 15
47 18
47 30
47 31
47 35
47 44
47 45
47 51
47 52
48 4
48 6
48 11
48 21
48 25
48 28
48 31
48 33
48 35
48 46
48 48
48 50
49 2
49 10
49 17
49 23
49 40
49 44
49 48
49 50
49 55
50 9
50 10
50 28
50 29
50 30
50 31
50 32
50 36
50 38
50 46
50 50
51 9
51 18
51 23
51 24
51 29
51 32
51 33
51 34
51 58
52 0
52 4
52 9
52 10
52 15
52 20
52 25
52 42
52 47
52 49
52 50
52 51
52 54
53 0
53 2
53 6
53 17
53 24
53 29
53 30
53 38
53 40
53 53
54 0
54 6
54 15
54 19
54 26
54 39
54 41
54 47
54 48
54 55
54 59
55 7
55 8
55 12
55 13
55 15
55 19
55 21
55 23
55 24
55 26
55 30
55 45
55 50
55 57
55 58
56 21
56 23
56 30
56 37
56 52
56 53
56 54
57 3
57 4
57 18
57 20
57 24
57 27
57 32
57 38
57 41
57 45
57 56
57 58
58 4
58 9
58 10
58 22
58 31
58 41
58 46
58 55
59 6
59 7
59 12
59 28
59 30
59 31
59 33
59 35
59 37
59 39
59 43
59 55
59 57
59 58
59 59
