0 1
0 2
0 6
0 7
0 8
0 9
0 11
0 13
0 19
0 20
0 25
0 29
0 31
0 33
0 34
0 36
0 38
0 39
0 42
0 46
0 51
0 52
0 54
0 56
1 1
1 2
1 3
1 5
1 6
1 11
1 12
1 17
1 18
1 20
1 21
1 22
1 24
1 26
1 28
1 29
1 33
1 36
1 37
1 38
1 39
1 41
1 44
1 48
1 52
1 57
2 5
2 7
2 10
2 13
2 17
2 19
2 22
2 26
2 27
2 28
2 29
2 30
2 32
2 33
2 35
2 40
2 41
2 42
2 43
2 45
2 47
2 51
3 0
3 1
3 2
3 3
3 10
3 15
3 17
3 18
3 19
3 20
3 22
3 24
3 25
3 27
3 30
3 31
3 35
3 36
3 42
3 44
3 45
3 50
3 55
3 56
3 58
4 1
4 2
4 3
4 5
4 6
4 7
4 8
4 9
4 13
4 17
4 18
4 21
4 23
4 24
4 26
4 27
4 28
4 32
4 33
4 35
4 38
4 39
4 42
4 44
4 45
4 46
4 48
4 49
4 50
4 57
4 58
4 59
5 0
5 5
5 6
5 8
5 9
5 10
5 12
5 13
5 14
5 16
5 22
5 24
5 27
5 31
5 33
5 35
5 38
5 45
5 47
5 52
5 53
5 56
5 58
6 2
6 3
6 4
6 5
6 12
6 14
6 18
6 21
6 27
6 28
6 33
6 34
6 35
6 36
6 37
6 44
6 47
6 49
6 52
6 53
6 56
7 3
7 4
7 5
7 6
7 10
7 11
7 16
7 17
7 18
7 19
7 22
7 23
7 26
7 29
7 33
7 34
7 36
7 38
7 40
7 42
7 44
7 45
7 46
7 47
7 49
7 57
7 58
8 0
8 1
8 4
8 6
8 10
8 11
8 12
8 14
8 21
8 22
8 23
8 26
8 30
8 31
8 37
8 41
8 42
8 44
8 47
8 48
8 49
8 50
8 59
9 0
9 2
9 5
9 6
9 7
9 10
9 12
9 19
9 20
9 21
9 24
9 30
9 32
9 38
9 40
9 42
9 45
9 46
9 53
9 54
10 0
10 1
10 2
10 3
10 10
10 12
10 13
10 15
10 16
10 20
10 23
10 24
10 26
10 27
10 28
10 29
10 30
10 31
10 32
10 34
10 36
10 39
10 40
10 41
10 42
10 43
10 45
10 50
10 54
10 55
11 1
11 4
11 7
11 9
11 13
11 15
11 18
11 21
11 23
11 30
11 31
11 32
11 37
11 40
11 41
11 42
11 43
11 47
11 48
11 49
11 56
11 57
12 0
12 2
12 8
12 11
12 12
12 15
12 16
12 17
12 18
12 19
12 21
12 26
12 29
12 40
12 41
12 42
12 44
12 49
12 50
12 54
12 56
13 0
13 3
13 4
13 7
13 9
13 10
13 11
13 13
13 14
13 15
13 16
13 17
13 20
13 23
13 26
13 27
13 29
13 32
13 35
13 36
13 38
13 40
13 42
13 43
13 44
13 53
13 54
13 55
13 57
14 3
14 5
14 9
14 11
14 16
14 18
14 19
14 23
14 24
14 26
14 28
14 30
14 34
14 35
14 40
14 42
14 44
14 45
14 47
14 51
14 53
14 55
15 1
15 3
15 4
15 7
15 9
15 10
15 12
15 17
15 19
15 23
15 25
15 35
15 36
15 38
15 39
15 40
15 42
15 43
15 48
15 54
15 57
15 58
16 6
16 7
16 11
16 12
16 14
16 21
16 28
16 34
16 37
16 40
16 41
16 42
16 43
16 45
16 46
16 49
16 52
16 53
16 54
16 55
16 57
17 0
17 4
17 5
17 7
17 9
17 10
17 12
17 16
17 18
17 19
17 25
17 27
17 28
17 29
17 38
17 42
17 43
17 45
17 47
17 51
17 54
17 55
17 58
18 0
18 1
18 2
18 3
18 5
18 7
18 9
18 12
18 16
18 18
18 19
18 21
18 23
18 24
18 25
18 26
18 27
18 30
18 35
18 38
18 43
18 44
18 46
18 47
18 50
18 52
18 55
18 59
19 1
19 2
19 4
19 5
19 8
19 10
19 14
19 16
19 17
19 22
19 25
19 27
19 30
19 32
19 34
19 42
19 43
19 44
19 46
19 47
19 49
19 53
19 54
19 55
19 57
20 0
20 4
20 6
20 18
20 19
20 23
20 27
20 29
20 30
20 33
20 37
20 38
20 43
20 47
20 51
20 52
20 53
20 56
21 1
21 2
21 3
21 4
21 6
21 7
21 8
21 9
21 12
21 16
21 17
21 19
21 20
21 22
21 29
21 33
21 35
21 36
21 38
21 40
21 53
21 54
21 56
21 58
21 59
22 2
22 13
22 15
22 18
22 22
22 28
22 31
22 33
22 34
22 35
22 36
22 37
22 43
22 49
22 51
22 56
22 57
23 0
23 3
23 5
23 6
23 7
23 9
23 11
23 12
23 13
23 19
23 26
23 30
23 35
23 39
23 44
23 51
23 53
23 54
24 3
24 9
24 10
24 12
24 13
24 17
24 18
24 19
24 21
24 22
24 23
24 26
24 29
24 30
24 34
24 35
24 42
24 44
24 45
24 48
24 49
24 51
24 53
24 54
24 56
24 58
24 59
25 0
25 2
25 3
25 4
25 7
25 10
25 16
25 18
25 19
25 21
25 23
25 27
25 28
25 29
25 42
25 43
25 47
25 48
25 50
25 51
25 57
26 1
26 2
26 3
26 4
26 6
26 7
26 10
26 11
26 12
26 16
26 19
26 20
26 23
26 24
26 27
26 32
26 35
26 36
26 37
26 39
26 40
26 49
26 50
26 53
26 57
27 0
27 6
27 7
27 8
27 11
27 13
27 14
27 16
27 21
27 23
27 25
27 26
27 27
27 28
27 31
27 32
27 33
27 36
27 37
27 38
27 40
27 43
27 45
27 46
27 49
27 51
27 56
27 59
28 0
28 1
28 5
28 6
28 8
28 11
28 13
28 15
28 18
28 21
28 22
28 27
28 28
28 29
28 31
28 33
28 35
28 38
28 44
28 45
28 46
28 47
28 48
28 51
28 52
28 53
28 55
28 58
29 2
29 3
29 6
29 10
29 11
29 15
29 16
29 17
29 19
29 20
29 22
29 24
29 30
29 31
29 33
29 37
29 39
29 42
29 43
29 47
29 49
29 54
29 56
29 58
30 2
30 3
30 7
30 13
30 14
30 16
30 17
30 25
30 27
30 29
30 30
30 31
30 32
30 33
30 36
30 38
30 39
30 40
30 44
30 46
30 48
30 51
30 52
30 55
30 59
31 1
31 4
31 5
31 7
31 8
31 9
31 12
31 14
31 15
31 16
31 17
31 18
31 21
31 23
31 25
31 26
31 27
31 28
31 35
31 36
31 44
31 45
31 46
31 50
31 52
31 53
31 57
31 58
32 0
32 7
32 9
32 10
32 13
32 17
32 20
32 21
32 26
32 27
32 29
32 31
32 32
32 33
32 35
32 39
32 40
32 41
32 45
32 46
32 49
32 50
32 51
32 52
32 53
32 55
33 0
33 3
33 4
33 5
33 6
33 9
33 10
33 12
33 18
33 28
33 29
33 32
33 42
33 46
33 52
33 54
33 57
33 58
33 59
34 0
34 11
34 14
34 18
34 19
34 21
34 22
34 27
34 28
34 29
34 32
34 34
34 36
34 37
34 44
34 45
34 46
34 47
34 49
34 51
34 52
34 53
34 57
34 58
35 3
35 4
35 5
35 8
35 9
35 10
35 11
35 17
35 20
35 23
35 24
35 27
35 28
35 29
35 32
35 34
35 36
35 38
35 39
35 44
35 47
35 51
35 53
35 54
35 56
35 58
36 1
36 4
36 9
36 12
36 19
36 27
36 31
36 32
36 35
36 36
36 38
36 39
36 40
36 41
36 42
36 45
36 51
36 54
36 55
37 1
37 7
37 11
37 12
37 13
37 17
37 18
37 23
37 25
37 27
37 28
37 30
37 31
37 33
37 34
37 35
37 36
37 38
37 40
37 41
37 43
37 44
37 45
37 46
37 48
37 50
37 51
37 54
37 59
38 5
38 8
38 9
38 10
38 11
38 12
38 14
38 16
38 22
38 23
38 26
38 28
38 33
38 37
38 39
38 40
38 41
38 43
38 44
38 48
38 49
38 51
38 56
38 57
38 58
39 0
39 5
39 10
39 11
39 16
39 20
39 21
39 24
39 25
39 31
39 32
39 33
39 35
39 39
39 41
39 42
39 44
39 47
39 55
39 59
40 0
40 1
40 3
40 4
40 5
40 10
40 11
40 13
40 14
40 17
40 19
40 21
40 22
40 25
40 27
40 29
40 31
40 32
40 34
40 35
40 39
40 46
40 47
40 48
40 50
40 51
40 52
40 55
40 57
41 0
41 2
41 3
41 6
41 11
41 12
41 13
41 15
41 21
41 22
41 23
41 25
41 27
41 32
41 33
41 34
41 35
41 39
41 42
41 45
41 49
41 52
41 59
42 0
42 2
42 3
42 7
42 11
42 12
42 14
42 15
42 16
42 17
42 18
42 19
42 22
42 23
42 24
42 31
42 32
42 37
42 38
42 39
42 40
42 42
42 43
42 45
42 46
42 47
42 49
42 52
42 55
43 1
43 7
43 8
43 9
43 10
43 11
43 17
43 25
43 26
43 27
43 28
43 32
43 37
43 38
43 39
43 40
43 41
43 42
43 43
43 46
43 48
43 49
43 50
43 57
43 59
44 1
44 5
44 7
44 10
44 12
44 18
44 22
44 26
44 27
44 28
44 29
44 31
44 34
44 35
44 40
44 42
44 43
44 44
44 46
44 48
44 49
44 50
44 52
44 54
44 55
45 2
45 4
45 11
45 12
45 13
45 16
45 18
45 19
45 21
45 24
45 26
45 28
45 35
45 38
45 45
45 48
45 51
45 54
45 55
45 58
46 0
46 1
46 2
46 6
46 9
46 12
46 13
46 15
46 16
46 17
46 20
46 21
46 26
46 28
46 31
46 33
46 37
46 39
46 45
46 46
46 49
46 50
46 59
47 3
47 4
47 6
47 7
47 12
47 17
47 18
47 19
47 20
47 21
47 24
47 27
47 29
47 30
47 35
47 38
47 41
47 45
47 48
47 55
47 56
47 59
48 0
48 1
48 2
48 9
48 14
48 18
48 20
48 24
48 25
48 26
48 27
48 31
48 38
48 44
48 47
48 49
48 50
48 53
48 55
49 1
49 3
49 4
49 5
49 8
49 10
49 11
49 13
49 14
49 16
49 20
49 21
49 24
49 27
49 29
49 36
49 39
49 40
49 42
49 43
49 45
49 46
49 49
49 51
50 7
50 9
50 15
50 16
50 18
50 19
50 20
50 21
50 22
50 23
50 24
50 26
50 30
50 34
50 37
50 44
50 47
50 50
50 53
50 54
50 58
51 1
51 2
51 5
51 7
51 8
51 9
51 13
51 14
51 23
51 25
51 28
51 30
51 33
51 34
51 35
51 39
51 40
51 41
51 43
51 46
51 47
51 48
51 49
51 51
51 52
51 58
52 1
52 8
52 9
52 11
52 13
52 14
52 20
52 21
52 23
52 26
52 27
52 29
52 32
52 33
52 34
52 37
52 40
52 44
52 49
52 51
52 53
52 54
52 56
52 58
53 1
53 2
53 3
53 9
53 11
53 12
53 14
53 15
53 21
53 24
53 25
53 27
53 31
53 32
53 34
53 37
53 40
53 41
53 44
53 45
53 49
53 50
53 51
53 52
53 56
54 0
54 2
54 5
54 6
54 10
54 11
54 15
54 16
54 18
54 21
54 23
54 25
54 26
54 28
54 32
54 37
54 39
54 43
54 44
54 45
54 48
54 50
54 53
54 54
55 0
55 3
55 7
55 12
55 13
55 17
55 18
55 19
55 21
55 23
55 25
55 26
55 32
55 33
55 34
55 36
55 39
55 45
55 49
55 51
55 52
55 53
55 56
55 57
55 59
56 0
56 2
56 3
56 4
56 5
56 6
56 9
56 10
56 11
56 12
56 15
56 20
56 21
56 22
56 25
56 28
56 29
56 30
56 32
56 38
56 40
56 44
56 50
56 51
56 58
56 59
57 1
57 3
57 6
57 7
57 8
57 12
57 13
57 14
57 15
57 17
57 18
57 25
57 27
57 28
57 29
57 31
57 32
57 35
57 36
57 41
57 44
57 45
57 48
57 50
57 51
57 52
57 57
57 59
58 1
58 3
58 7
58 8
58 9
58 12
58 13
58 16
58 17
58 18
58 20
58 23
58 24
58 25
58 29
58 30
58 31
58 32
58 35
58 36
58 38
58 40
58 41
58 44
58 46
58 53
58 58
59 1
59 3
59 9
59 10
59 14
59 15
59 16
59 20
59 22
59 24
59 27
59 32
59 36
59 39
59 41
59 42
59 43
59 45
59 46
59 51
59 54
