0 0
0 2
0 5
0 8
0 9
0 12
0 13
0 14
0 15
0 16
0 17
0 18
0 21
0 24
0 25
0 31
0 36
0 39
0 40
0 41
0 42
0 44
0 47
0 48
0 50
0 52
0 53
0 54
0 55
0 56
0 59
0 61
0 62
0 64
0 65
0 69
1 1
1 2
1 5
1 6
1 10
1 11
1 12
1 13
1 15
1 16
1 17
1 18
1 20
1 21
1 22
1 23
1 26
1 27
1 28
1 29
1 31
1 32
1 33
1 34
1 37
1 39
1 40
1 41
1 42
1 45
1 47
1 49
1 51
1 53
1 54
1 55
1 57
1 58
1 59
1 60
1 61
1 64
1 66
1 67
2 0
2 1
2 2
2 3
2 4
2 5
2 6
2 7
2 11
2 14
2 16
2 18
2 19
2 21
2 22
2 24
2 26
2 28
2 29
2 30
2 31
2 32
2 33
2 34
2 38
2 40
2 41
2 43
2 45
2 46
2 49
2 50
2 52
2 53
2 56
2 58
2 59
2 60
2 61
2 62
2 63
2 64
2 67
2 68
3 0
3 1
3 7
3 8
3 9
3 10
3 13
3 14
3 15
3 17
3 18
3 20
3 22
3 23
3 25
3 27
3 30
3 32
3 34
3 35
3 36
3 38
3 39
3 40
3 43
3 44
3 45
3 46
3 47
3 48
3 49
3 50
3 52
3 55
3 56
3 57
3 58
3 59
3 60
3 61
3 62
3 63
3 65
3 67
3 69
4 0
4 2
4 3
4 4
4 7
4 10
4 12
4 15
4 16
4 17
4 18
4 19
4 20
4 23
4 27
4 29
4 30
4 31
4 32
4 33
4 35
4 37
4 38
4 40
4 41
4 44
4 45
4 46
4 47
4 48
4 50
4 52
4 53
4 55
4 56
4 57
4 62
4 67
5 0
5 2
5 3
5 6
5 7
5 8
5 10
5 11
5 13
5 14
5 15
5 17
5 18
5 19
5 20
5 23
5 26
5 27
5 28
5 30
5 32
5 33
5 34
5 36
5 37
5 38
5 39
5 40
5 41
5 42
5 43
5 45
5 46
5 47
5 48
5 50
5 52
5 55
5 57
5 58
5 60
5 61
5 63
5 66
5 67
5 68
5 69
6 1
6 2
6 3
6 4
6 5
6 6
6 7
6 9
6 11
6 12
6 13
6 14
6 16
6 17
6 19
6 20
6 22
6 23
6 25
6 29
6 30
6 35
6 36
6 37
6 39
6 40
6 41
6 42
6 43
6 45
6 46
6 47
6 48
6 52
6 54
6 56
6 60
6 61
6 62
6 64
6 68
7 0
7 1
7 2
7 3
7 4
7 5
7 7
7 8
7 10
7 14
7 17
7 18
7 21
7 22
7 23
7 24
7 26
7 27
7 28
7 32
7 33
7 34
7 35
7 36
7 39
7 40
7 41
7 43
7 44
7 45
7 46
7 49
7 50
7 51
7 52
7 53
7 55
7 56
7 57
7 59
7 60
7 61
7 62
7 63
7 64
7 66
7 67
7 68
8 1
8 2
8 3
8 4
8 7
8 8
8 9
8 11
8 12
8 13
8 14
8 15
8 18
8 20
8 22
8 24
8 25
8 26
8 27
8 28
8 29
8 30
8 32
8 35
8 36
8 37
8 38
8 39
8 40
8 41
8 42
8 43
8 45
8 46
8 48
8 50
8 51
8 55
8 57
8 59
8 62
8 63
8 64
8 66
8 68
9 1
9 2
9 3
9 4
9 5
9 7
9 10
9 11
9 13
9 16
9 17
9 18
9 19
9 20
9 22
9 23
9 26
9 28
9 29
9 30
9 32
9 33
9 35
9 39
9 40
9 41
9 44
9 45
9 46
9 48
9 49
9 50
9 52
9 54
9 55
9 56
9 58
9 59
9 60
9 61
9 63
9 64
9 65
9 66
9 67
9 69
10 0
10 3
10 5
10 7
10 11
10 13
10 14
10 15
10 16
10 17
10 19
10 20
10 21
10 22
10 23
10 28
10 29
10 30
10 32
10 33
10 34
10 35
10 36
10 38
10 41
10 45
10 46
10 47
10 48
10 49
10 52
10 55
10 56
10 57
10 58
10 60
10 61
10 62
10 67
10 68
10 69
11 0
11 1
11 4
11 6
11 7
11 8
11 9
11 10
11 11
11 12
11 14
11 15
11 16
11 18
11 20
11 22
11 23
11 24
11 25
11 27
11 28
11 30
11 31
11 32
11 34
11 35
11 37
11 42
11 44
11 47
11 48
11 49
11 50
11 51
11 52
11 54
11 55
11 56
11 58
11 59
11 60
11 61
11 63
11 67
11 68
11 69
12 3
12 4
12 6
12 7
12 9
12 13
12 14
12 16
12 17
12 18
12 19
12 22
12 23
12 26
12 27
12 29
12 31
12 33
12 37
12 38
12 39
12 40
12 41
12 42
12 43
12 44
12 46
12 47
12 50
12 55
12 59
12 61
12 62
12 63
12 69
13 0
13 2
13 5
13 6
13 8
13 9
13 12
13 14
13 17
13 18
13 19
13 20
13 21
13 24
13 26
13 30
13 31
13 34
13 35
13 37
13 39
13 41
13 44
13 45
13 47
13 48
13 50
13 53
13 54
13 55
13 58
13 64
13 65
13 68
13 69
14 1
14 3
14 4
14 5
14 6
14 7
14 9
14 10
14 11
14 14
14 15
14 18
14 19
14 21
14 22
14 23
14 25
14 26
14 28
14 31
14 32
14 33
14 34
14 36
14 38
14 39
14 41
14 42
14 43
14 44
14 47
14 49
14 50
14 51
14 52
14 55
14 56
14 57
14 58
14 59
14 61
14 63
14 66
14 69
15 0
15 3
15 4
15 5
15 6
15 7
15 9
15 10
15 16
15 17
15 18
15 22
15 23
15 24
15 25
15 26
15 27
15 28
15 30
15 31
15 36
15 38
15 39
15 40
15 41
15 43
15 44
15 46
15 47
15 51
15 53
15 54
15 55
15 56
15 57
15 60
15 61
15 63
15 65
15 66
15 69
16 3
16 4
16 5
16 8
16 10
16 13
16 14
16 15
16 16
16 17
16 18
16 19
16 20
16 22
16 23
16 24
16 25
16 26
16 27
16 28
16 29
16 32
16 33
16 34
16 35
16 36
16 37
16 38
16 39
16 40
16 45
16 48
16 50
16 51
16 52
16 55
16 56
16 58
16 60
16 61
16 62
16 63
16 64
16 65
16 66
17 1
17 2
17 9
17 11
17 12
17 15
17 17
17 19
17 22
17 25
17 26
17 27
17 28
17 29
17 30
17 32
17 33
17 38
17 39
17 40
17 41
17 44
17 45
17 46
17 47
17 48
17 49
17 50
17 51
17 56
17 59
17 61
17 62
17 63
17 66
17 68
17 69
18 0
18 3
18 4
18 5
18 9
18 10
18 11
18 13
18 14
18 15
18 17
18 19
18 20
18 21
18 22
18 23
18 25
18 26
18 27
18 28
18 30
18 31
18 33
18 35
18 36
18 38
18 40
18 41
18 42
18 43
18 44
18 45
18 46
18 48
18 49
18 50
18 51
18 52
18 54
18 55
18 56
18 61
18 62
18 63
18 64
18 67
18 68
19 1
19 2
19 4
19 6
19 8
19 9
19 11
19 15
19 17
19 20
19 21
19 22
19 24
19 25
19 27
19 28
19 29
19 31
19 32
19 35
19 37
19 38
19 39
19 42
19 43
19 45
19 47
19 48
19 49
19 50
19 54
19 57
19 59
19 62
19 67
19 68
19 69
20 0
20 1
20 2
20 4
20 7
20 8
20 9
20 10
20 11
20 12
20 14
20 16
20 17
20 18
20 21
20 24
20 25
20 26
20 27
20 29
20 30
20 31
20 33
20 34
20 36
20 37
20 38
20 39
20 40
20 42
20 44
20 45
20 52
20 53
20 56
20 57
20 59
20 61
20 63
20 64
20 67
21 0
21 1
21 2
21 3
21 5
21 6
21 7
21 8
21 9
21 12
21 15
21 17
21 23
21 25
21 26
21 27
21 31
21 33
21 34
21 38
21 40
21 42
21 44
21 45
21 48
21 50
21 56
21 57
21 60
21 63
21 64
21 66
22 1
22 2
22 3
22 5
22 6
22 9
22 12
22 13
22 14
22 15
22 16
22 21
22 24
22 25
22 26
22 27
22 28
22 29
22 31
22 32
22 33
22 37
22 41
22 42
22 43
22 44
22 45
22 46
22 50
22 51
22 52
22 59
22 61
22 62
22 63
22 64
22 66
22 67
22 68
22 69
23 0
23 1
23 2
23 4
23 6
23 7
23 9
23 10
23 11
23 12
23 13
23 15
23 16
23 19
23 20
23 22
23 24
23 25
23 26
23 27
23 28
23 30
23 31
23 32
23 34
23 36
23 37
23 39
23 41
23 42
23 43
23 44
23 45
23 46
23 48
23 49
23 51
23 52
23 54
23 56
23 58
23 59
23 63
23 64
23 65
23 66
23 69
24 0
24 1
24 2
24 5
24 7
24 8
24 14
24 15
24 16
24 22
24 23
24 25
24 26
24 27
24 28
24 29
24 30
24 32
24 33
24 34
24 35
24 36
24 38
24 41
24 43
24 44
24 50
24 51
24 52
24 53
24 54
24 56
24 60
24 61
24 63
24 64
24 65
24 66
24 67
25 1
25 2
25 5
25 7
25 9
25 10
25 11
25 12
25 15
25 17
25 18
25 19
25 21
25 22
25 25
25 26
25 27
25 32
25 33
25 34
25 35
25 36
25 37
25 38
25 39
25 40
25 41
25 46
25 48
25 49
25 50
25 51
25 52
25 54
25 56
25 57
25 59
25 60
25 61
25 62
25 63
25 64
25 65
25 66
25 67
25 68
25 69
26 1
26 2
26 3
26 9
26 10
26 11
26 13
26 16
26 18
26 21
26 22
26 23
26 25
26 26
26 27
26 29
26 30
26 31
26 33
26 34
26 35
26 36
26 37
26 40
26 41
26 43
26 44
26 47
26 50
26 52
26 53
26 54
26 55
26 56
26 58
26 59
26 61
26 64
26 69
27 1
27 4
27 5
27 6
27 7
27 8
27 9
27 11
27 12
27 13
27 16
27 17
27 18
27 20
27 23
27 24
27 25
27 28
27 31
27 32
27 33
27 35
27 36
27 38
27 39
27 40
27 46
27 47
27 48
27 49
27 50
27 52
27 53
27 55
27 56
27 57
27 58
27 60
27 61
27 62
27 63
27 64
27 67
28 0
28 2
28 5
28 6
28 7
28 8
28 9
28 15
28 16
28 17
28 19
28 20
28 22
28 23
28 24
28 27
28 30
28 31
28 32
28 33
28 34
28 35
28 39
28 40
28 41
28 42
28 48
28 51
28 52
28 54
28 55
28 56
28 57
28 58
28 60
28 62
28 63
28 65
28 66
28 67
28 68
29 3
29 4
29 5
29 6
29 10
29 11
29 13
29 14
29 17
29 19
29 20
29 22
29 25
29 26
29 28
29 29
29 30
29 31
29 33
29 35
29 38
29 40
29 41
29 42
29 43
29 44
29 47
29 48
29 49
29 50
29 51
29 52
29 58
29 59
29 60
29 61
29 62
29 64
29 67
29 68
29 69
30 0
30 1
30 3
30 4
30 5
30 6
30 8
30 12
30 13
30 15
30 16
30 18
30 21
30 23
30 24
30 25
30 29
30 30
30 31
30 32
30 36
30 39
30 41
30 42
30 44
30 47
30 48
30 49
30 51
30 52
30 53
30 54
30 56
30 58
30 60
30 61
30 62
30 63
30 64
30 66
30 67
30 69
31 0
31 1
31 2
31 4
31 5
31 7
31 11
31 13
31 14
31 17
31 18
31 19
31 21
31 22
31 23
31 24
31 25
31 26
31 29
31 30
31 31
31 32
31 34
31 36
31 39
31 41
31 45
31 50
31 51
31 53
31 54
31 55
31 56
31 57
31 59
31 60
31 62
31 65
31 66
31 67
32 0
32 1
32 2
32 3
32 4
32 6
32 7
32 8
32 10
32 12
32 13
32 14
32 18
32 21
32 22
32 24
32 25
32 26
32 27
32 28
32 30
32 32
32 35
32 36
32 37
32 38
32 39
32 40
32 41
32 46
32 49
32 50
32 53
32 54
32 56
32 58
32 59
32 60
32 61
32 63
32 65
32 67
32 68
32 69
33 0
33 1
33 7
33 10
33 13
33 14
33 15
33 16
33 17
33 18
33 20
33 21
33 23
33 24
33 25
33 26
33 27
33 29
33 30
33 31
33 33
33 35
33 36
33 37
33 38
33 39
33 41
33 42
33 43
33 44
33 46
33 47
33 48
33 50
33 51
33 52
33 54
33 55
33 59
33 61
33 62
33 63
33 64
33 65
33 66
33 69
34 1
34 2
34 3
34 4
34 6
34 7
34 8
34 9
34 13
34 14
34 16
34 17
34 20
34 21
34 26
34 27
34 30
34 32
34 33
34 35
34 37
34 38
34 39
34 41
34 43
34 45
34 47
34 48
34 49
34 50
34 51
34 53
34 54
34 55
34 57
34 59
34 60
34 62
34 63
34 64
35 0
35 1
35 5
35 7
35 15
35 16
35 17
35 18
35 20
35 21
35 24
35 25
35 28
35 29
35 31
35 32
35 33
35 35
35 36
35 38
35 39
35 42
35 43
35 44
35 45
35 46
35 47
35 48
35 51
35 53
35 54
35 55
35 56
35 57
35 58
35 60
35 62
35 63
35 64
35 65
35 67
36 1
36 2
36 4
36 6
36 7
36 8
36 9
36 12
36 14
36 15
36 17
36 18
36 22
36 23
36 27
36 29
36 30
36 31
36 32
36 33
36 37
36 38
36 39
36 40
36 41
36 43
36 45
36 48
36 49
36 52
36 53
36 55
36 56
36 57
36 58
36 60
36 61
36 63
36 64
36 66
36 67
36 69
37 0
37 2
37 3
37 4
37 5
37 6
37 7
37 9
37 11
37 12
37 13
37 15
37 16
37 17
37 18
37 20
37 21
37 23
37 28
37 31
37 33
37 34
37 37
37 39
37 40
37 43
37 44
37 45
37 46
37 47
37 48
37 51
37 52
37 54
37 55
37 57
37 58
37 60
37 61
37 63
37 64
37 67
37 68
37 69
38 0
38 1
38 2
38 3
38 4
38 5
38 6
38 8
38 9
38 10
38 11
38 12
38 15
38 17
38 19
38 20
38 23
38 25
38 26
38 27
38 28
38 30
38 31
38 32
38 37
38 39
38 42
38 44
38 47
38 48
38 55
38 56
38 58
38 59
38 64
38 66
38 68
38 69
39 0
39 1
39 3
39 5
39 6
39 8
39 9
39 10
39 11
39 12
39 13
39 15
39 17
39 18
39 19
39 21
39 25
39 27
39 28
39 29
39 32
39 33
39 36
39 37
39 39
39 41
39 44
39 46
39 47
39 48
39 50
39 52
39 54
39 55
39 56
39 57
39 58
39 61
39 62
39 64
39 66
39 67
39 68
39 69
40 0
40 1
40 2
40 3
40 5
40 7
40 8
40 14
40 18
40 19
40 21
40 23
40 24
40 25
40 26
40 27
40 29
40 31
40 32
40 34
40 37
40 38
40 41
40 42
40 44
40 45
40 46
40 47
40 48
40 49
40 50
40 57
40 58
40 59
40 60
40 62
40 64
40 66
40 68
40 69
41 1
41 3
41 4
41 7
41 9
41 10
41 11
41 12
41 13
41 14
41 15
41 16
41 17
41 18
41 19
41 20
41 21
41 22
41 23
41 25
41 27
41 28
41 31
41 32
41 33
41 37
41 38
41 39
41 40
41 41
41 43
41 44
41 45
41 46
41 47
41 48
41 49
41 50
41 51
41 53
41 54
41 55
41 56
41 57
41 58
41 59
41 60
41 64
41 65
41 66
41 67
41 68
41 69
42 0
42 1
42 2
42 5
42 7
42 8
42 9
42 10
42 11
42 13
42 15
42 16
42 17
42 18
42 19
42 20
42 21
42 25
42 26
42 30
42 31
42 34
42 36
42 37
42 39
42 40
42 41
42 42
42 44
42 45
42 47
42 51
42 52
42 54
42 55
42 56
42 57
42 58
42 59
42 60
42 66
42 67
42 69
43 1
43 3
43 4
43 6
43 7
43 9
43 10
43 14
43 15
43 17
43 18
43 19
43 21
43 22
43 23
43 25
43 26
43 27
43 29
43 32
43 33
43 34
43 35
43 37
43 38
43 40
43 42
43 44
43 45
43 47
43 52
43 53
43 54
43 55
43 57
43 58
43 59
43 60
43 61
43 62
43 64
43 65
43 66
43 67
44 0
44 1
44 3
44 4
44 5
44 6
44 7
44 8
44 12
44 13
44 17
44 19
44 20
44 21
44 22
44 24
44 25
44 28
44 29
44 30
44 31
44 33
44 35
44 36
44 39
44 40
44 42
44 44
44 46
44 47
44 48
44 51
44 52
44 53
44 55
44 58
44 60
44 61
44 62
44 64
44 66
44 68
44 69
45 2
45 5
45 6
45 7
45 8
45 12
45 13
45 14
45 16
45 17
45 19
45 20
45 22
45 23
45 24
45 25
45 26
45 28
45 29
45 32
45 37
45 38
45 40
45 41
45 42
45 44
45 47
45 48
45 50
45 53
45 56
45 57
45 58
45 60
45 61
45 64
45 65
45 67
45 68
46 0
46 2
46 3
46 4
46 5
46 7
46 8
46 11
46 13
46 14
46 15
46 17
46 20
46 21
46 22
46 23
46 25
46 26
46 28
46 30
46 32
46 34
46 36
46 37
46 43
46 45
46 47
46 48
46 51
46 53
46 54
46 55
46 56
46 57
46 58
46 59
46 60
46 61
46 62
46 64
46 65
46 67
46 69
47 0
47 1
47 3
47 4
47 5
47 6
47 7
47 8
47 9
47 10
47 14
47 17
47 19
47 20
47 21
47 22
47 23
47 24
47 25
47 27
47 28
47 30
47 32
47 33
47 35
47 36
47 37
47 42
47 44
47 47
47 48
47 49
47 51
47 52
47 53
47 55
47 56
47 57
47 58
47 61
47 62
47 63
47 64
47 66
47 69
48 1
48 2
48 4
48 5
48 6
48 9
48 15
48 16
48 19
48 21
48 22
48 24
48 25
48 26
48 27
48 30
48 31
48 32
48 33
48 34
48 35
48 36
48 41
48 42
48 44
48 45
48 47
48 48
48 49
48 51
48 53
48 54
48 57
48 58
48 60
48 62
48 63
48 64
48 65
48 68
48 69
49 0
49 1
49 2
49 5
49 6
49 8
49 9
49 12
49 13
49 14
49 15
49 16
49 18
49 19
49 20
49 21
49 24
49 25
49 28
49 29
49 30
49 34
49 35
49 36
49 37
49 41
49 42
49 44
49 45
49 47
49 49
49 50
49 51
49 55
49 56
49 57
49 60
49 62
49 63
49 65
49 67
49 68
49 69
50 0
50 2
50 4
50 5
50 6
50 10
50 12
50 13
50 14
50 17
50 18
50 20
50 22
50 24
50 27
50 28
50 29
50 31
50 32
50 34
50 35
50 39
50 41
50 42
50 43
50 44
50 46
50 49
50 50
50 52
50 53
50 54
50 56
50 58
50 60
50 61
50 63
50 65
50 66
50 67
50 68
50 69
51 2
51 3
51 4
51 5
51 8
51 9
51 11
51 13
51 15
51 16
51 17
51 18
51 19
51 20
51 22
51 23
51 26
51 27
51 31
51 32
51 33
51 34
51 35
51 36
51 37
51 40
51 45
51 46
51 47
51 48
51 49
51 50
51 51
51 53
51 57
51 58
51 59
51 60
51 62
51 67
51 69
52 4
52 6
52 7
52 9
52 10
52 12
52 13
52 14
52 19
52 20
52 21
52 22
52 23
52 26
52 27
52 28
52 30
52 31
52 32
52 33
52 34
52 36
52 37
52 38
52 39
52 40
52 44
52 47
52 48
52 50
52 51
52 56
52 68
52 69
53 0
53 2
53 3
53 4
53 5
53 7
53 8
53 9
53 10
53 11
53 12
53 13
53 16
53 17
53 18
53 19
53 21
53 22
53 23
53 24
53 26
53 28
53 29
53 32
53 34
53 36
53 37
53 38
53 39
53 41
53 42
53 43
53 44
53 45
53 46
53 47
53 48
53 49
53 51
53 54
53 55
53 57
53 58
53 60
53 62
53 63
53 64
53 65
53 66
53 67
53 69
54 3
54 4
54 5
54 6
54 7
54 8
54 9
54 11
54 12
54 14
54 19
54 22
54 24
54 25
54 26
54 28
54 29
54 30
54 31
54 32
54 34
54 35
54 36
54 37
54 38
54 39
54 40
54 42
54 44
54 45
54 46
54 48
54 49
54 50
54 51
54 53
54 57
54 58
54 61
54 62
54 64
54 65
54 67
54 69
55 1
55 2
55 3
55 4
55 5
55 6
55 7
55 10
55 11
55 12
55 13
55 15
55 17
55 22
55 23
55 25
55 26
55 28
55 29
55 30
55 31
55 32
55 33
55 35
55 38
55 39
55 41
55 42
55 43
55 44
55 45
55 47
55 49
55 50
55 52
55 53
55 54
55 57
55 58
55 59
55 60
55 61
55 62
55 63
55 64
55 65
55 68
55 69
56 1
56 3
56 4
56 5
56 6
56 8
56 9
56 10
56 11
56 12
56 13
56 15
56 16
56 17
56 18
56 19
56 20
56 21
56 24
56 25
56 34
56 35
56 41
56 42
56 43
56 45
56 47
56 51
56 52
56 53
56 54
56 56
56 58
56 59
56 61
56 62
56 65
56 67
56 68
57 0
57 1
57 3
57 4
57 5
57 6
57 10
57 11
57 12
57 13
57 15
57 20
57 21
57 22
57 23
57 25
57 26
57 27
57 28
57 29
57 30
57 31
57 33
57 34
57 35
57 36
57 37
57 38
57 40
57 41
57 42
57 44
57 46
57 48
57 49
57 50
57 51
57 54
57 55
57 58
57 62
57 63
57 64
57 67
57 68
58 0
58 2
58 9
58 10
58 14
58 15
58 17
58 19
58 20
58 22
58 28
58 29
58 30
58 32
58 34
58 35
58 36
58 39
58 41
58 43
58 46
58 47
58 50
58 51
58 54
58 55
58 56
58 57
58 58
58 60
58 61
58 63
58 65
58 67
58 68
59 4
59 5
59 7
59 8
59 10
59 11
59 12
59 13
59 15
59 17
59 18
59 20
59 21
59 22
59 23
59 25
59 28
59 29
59 30
59 31
59 32
59 36
59 37
59 39
59 42
59 43
59 44
59 45
59 47
59 48
59 51
59 54
59 55
59 58
59 63
59 65
59 66
59 67
59 68
59 69
60 0
60 1
60 4
60 5
60 6
60 7
60 8
60 9
60 10
60 11
60 12
60 14
60 15
60 16
60 19
60 20
60 21
60 22
60 25
60 29
60 30
60 31
60 32
60 33
60 37
60 38
60 41
60 42
60 43
60 44
60 45
60 46
60 49
60 54
60 55
60 56
60 57
60 60
60 64
60 65
60 68
61 1
61 2
61 7
61 8
61 9
61 15
61 17
61 18
61 20
61 22
61 24
61 25
61 26
61 27
61 28
61 30
61 31
61 34
61 35
61 36
61 37
61 38
61 43
61 44
61 45
61 46
61 47
61 51
61 52
61 55
61 58
61 60
61 61
61 63
61 64
61 66
62 0
62 2
62 4
62 5
62 9
62 11
62 15
62 17
62 18
62 19
62 20
62 21
62 22
62 23
62 24
62 25
62 27
62 29
62 31
62 32
62 33
62 35
62 37
62 39
62 42
62 43
62 44
62 45
62 48
62 49
62 50
62 51
62 52
62 53
62 55
62 56
62 57
62 58
62 59
62 60
62 61
62 62
62 63
62 64
62 67
62 68
63 0
63 1
63 2
63 3
63 4
63 5
63 6
63 7
63 9
63 11
63 15
63 16
63 17
63 18
63 19
63 20
63 22
63 23
63 24
63 25
63 27
63 28
63 29
63 30
63 34
63 35
63 36
63 37
63 38
63 39
63 41
63 44
63 46
63 48
63 50
63 52
63 53
63 54
63 56
63 59
63 62
63 64
63 65
63 67
63 68
64 0
64 1
64 2
64 4
64 5
64 7
64 8
64 10
64 17
64 19
64 21
64 23
64 24
64 25
64 26
64 27
64 28
64 29
64 31
64 34
64 35
64 37
64 39
64 40
64 43
64 44
64 45
64 46
64 49
64 51
64 54
64 55
64 57
64 58
64 59
64 60
64 61
64 62
64 64
64 65
64 66
64 67
65 1
65 2
65 3
65 4
65 5
65 6
65 7
65 10
65 13
65 15
65 16
65 18
65 19
65 21
65 24
65 26
65 27
65 28
65 29
65 31
65 33
65 34
65 35
65 37
65 38
65 39
65 40
65 41
65 42
65 44
65 47
65 49
65 51
65 52
65 54
65 56
65 59
65 61
65 62
65 63
65 65
65 67
65 68
65 69
66 0
66 2
66 5
66 6
66 8
66 9
66 12
66 13
66 14
66 17
66 18
66 23
66 24
66 26
66 27
66 28
66 29
66 30
66 32
66 33
66 34
66 35
66 36
66 38
66 41
66 42
66 43
66 44
66 47
66 51
66 53
66 54
66 55
66 56
66 57
66 61
66 62
66 63
66 65
66 66
66 67
66 69
67 0
67 2
67 3
67 6
67 7
67 8
67 9
67 10
67 13
67 20
67 22
67 24
67 25
67 26
67 27
67 28
67 29
67 31
67 34
67 35
67 38
67 40
67 42
67 46
67 47
67 49
67 51
67 52
67 53
67 55
67 56
67 58
67 59
67 61
67 63
67 64
67 65
67 66
67 67
67 69
68 3
68 4
68 5
68 7
68 10
68 12
68 13
68 14
68 15
68 16
68 17
68 18
68 20
68 22
68 23
68 24
68 26
68 27
68 29
68 34
68 35
68 37
68 38
68 40
68 42
68 44
68 45
68 47
68 48
68 50
68 51
68 52
68 53
68 55
68 56
68 57
68 59
68 60
68 63
68 64
68 65
68 67
68 69
69 1
69 2
69 3
69 4
69 7
69 8
69 9
69 11
69 13
69 14
69 15
69 16
69 18
69 19
69 21
69 25
69 26
69 27
69 28
69 29
69 30
69 31
69 33
69 34
69 35
69 36
69 37
69 39
69 40
69 41
69 42
69 43
69 45
69 46
69 48
69 49
69 51
69 53
69 54
69 55
69 56
69 57
69 60
69 64
69 65
69 69
