0 0
0 14
0 18
0 21
0 26
0 27
0 29
0 31
0 33
0 43
0 46
0 48
0 51
0 53
0 56
0 63
0 67
0 69
1 12
1 20
1 23
1 52
1 61
1 69
2 4
2 17
2 20
2 21
2 23
2 30
2 32
2 35
2 49
2 53
2 55
3 1
3 8
3 11
3 13
3 19
3 20
3 41
3 44
3 45
3 55
4 1
4 7
4 16
4 18
4 21
4 24
4 25
4 28
4 33
4 41
4 54
4 56
4 57
4 58
4 60
4 61
5 9
5 11
5 13
5 20
5 27
5 42
5 43
5 56
5 57
5 65
6 1
6 2
6 4
6 10
6 12
6 25
6 29
6 32
6 37
6 38
6 41
6 57
6 63
6 64
6 66
7 4
7 5
7 7
7 9
7 10
7 11
7 12
7 20
7 22
7 31
7 34
7 40
7 41
7 47
7 49
7 53
7 57
8 12
8 19
8 26
8 31
8 32
8 38
8 43
8 51
8 52
8 53
8 57
8 59
8 65
9 0
9 2
9 5
9 7
9 13
9 16
9 22
9 27
9 31
9 34
9 41
9 42
9 57
9 60
10 0
10 1
10 4
10 15
10 17
10 18
10 21
10 25
10 31
10 34
10 38
10 41
10 44
10 51
10 53
10 60
10 65
10 69
11 0
11 3
11 4
11 10
11 11
11 16
11 17
11 19
11 21
11 22
11 27
11 29
11 32
11 44
11 51
11 53
11 54
11 57
11 68
12 1
12 2
12 3
12 7
12 14
12 29
12 33
12 36
12 42
12 43
12 52
12 55
12 57
12 64
13 2
13 3
13 10
13 16
13 17
13 20
13 21
13 23
13 41
13 55
13 63
13 66
13 69
14 2
14 16
14 22
14 23
14 27
14 30
14 31
14 33
14 34
14 38
14 43
14 44
14 45
14 51
14 52
14 55
14 57
14 58
14 60
14 61
14 64
14 68
15 3
15 7
15 17
15 18
15 19
15 34
15 35
15 37
15 39
15 41
15 42
15 47
15 56
15 58
15 60
15 68
16 7
16 13
16 18
16 25
16 35
16 38
16 48
16 52
16 63
17 0
17 1
17 3
17 7
17 26
17 37
17 55
17 58
17 60
18 3
18 7
18 17
18 20
18 21
18 23
18 31
18 34
18 37
18 40
18 41
18 44
19 0
19 3
19 5
19 9
19 18
19 19
19 23
19 30
19 39
19 40
19 43
19 45
19 46
19 56
19 59
20 6
20 10
20 29
20 31
20 35
20 37
20 48
20 51
20 52
20 53
20 54
20 69
21 0
21 3
21 13
21 16
21 27
21 34
21 41
21 44
21 45
21 51
21 60
22 13
22 14
22 17
22 23
22 26
22 44
22 54
22 59
22 63
23 1
23 5
23 6
23 16
23 21
23 29
23 35
23 39
23 40
23 41
23 47
23 53
23 55
23 58
23 61
23 64
23 68
24 1
24 3
24 7
24 9
24 13
24 22
24 24
24 25
24 27
24 31
24 34
24 39
24 45
24 47
25 10
25 18
25 19
25 24
25 25
25 31
25 32
25 38
25 40
25 46
25 52
25 54
25 58
25 59
25 63
25 66
25 67
26 7
26 10
26 12
26 14
26 17
26 19
26 23
26 24
26 30
26 53
26 54
26 55
26 56
26 60
26 68
27 3
27 18
27 26
27 27
27 29
27 30
27 34
27 40
27 45
27 55
27 56
27 62
27 63
27 64
28 8
28 13
28 14
28 26
28 27
28 29
28 43
28 47
28 49
28 51
28 54
28 57
28 58
28 67
29 3
29 12
29 15
29 23
29 30
29 37
29 49
29 57
29 60
29 61
30 0
30 7
30 10
30 21
30 23
30 28
30 30
30 32
30 36
30 38
30 39
30 41
30 43
30 46
30 47
30 52
30 59
30 60
30 62
30 63
31 1
31 6
31 13
31 19
31 20
31 21
31 24
31 31
31 32
31 39
31 43
31 52
31 53
31 60
31 67
32 4
32 10
32 11
32 21
32 28
32 31
32 34
32 37
32 38
32 43
32 45
32 51
32 52
32 53
32 56
32 60
32 65
32 68
33 0
33 1
33 6
33 8
33 10
33 13
33 18
33 21
33 23
33 28
33 29
33 34
33 35
33 41
33 45
33 50
33 51
33 54
33 55
33 58
33 61
34 11
34 14
34 18
34 21
34 23
34 25
34 30
34 35
34 50
34 51
34 54
35 1
35 4
35 7
35 10
35 13
35 18
35 26
35 27
35 29
35 31
35 35
35 38
35 45
35 46
35 48
35 52
35 53
35 57
35 61
35 64
36 1
36 17
36 24
36 25
36 32
36 34
36 36
36 39
36 41
36 45
36 48
36 52
36 53
36 55
36 64
36 65
37 1
37 8
37 10
37 13
37 19
37 20
37 22
37 31
37 36
37 38
37 41
37 44
37 47
37 66
38 2
38 9
38 13
38 18
38 19
38 23
38 25
38 29
38 33
38 41
38 42
38 43
38 49
38 60
38 66
39 3
39 7
39 8
39 13
39 17
39 22
39 28
39 43
39 45
39 46
39 47
39 53
39 56
39 61
39 62
40 0
40 1
40 2
40 5
40 11
40 15
40 16
40 25
40 33
40 37
40 39
40 41
40 44
40 49
40 50
40 55
40 58
40 60
40 65
41 4
41 5
41 11
41 22
41 28
41 32
41 40
41 42
41 55
41 56
41 58
41 68
41 69
42 1
42 7
42 18
42 22
42 29
42 45
42 49
42 64
42 69
43 4
43 5
43 8
43 11
43 19
43 20
43 28
43 40
43 42
43 54
44 11
44 13
44 16
44 20
44 21
44 26
44 34
44 35
44 36
44 38
44 43
44 47
44 51
44 52
44 56
44 59
45 0
45 1
45 5
45 11
45 16
45 18
45 26
45 30
45 31
45 34
45 37
45 41
45 45
45 47
45 48
45 53
45 57
45 58
45 59
45 63
45 64
45 67
45 68
46 36
46 37
46 39
46 46
46 47
46 48
46 52
46 55
46 67
47 4
47 5
47 22
47 25
47 34
47 44
47 46
47 50
47 56
47 58
47 62
47 66
48 2
48 8
48 10
48 13
48 16
48 26
48 31
48 33
48 34
48 42
48 46
48 63
49 4
49 6
49 26
49 36
49 41
49 42
49 53
49 55
50 13
50 34
50 41
50 48
50 52
50 55
51 3
51 9
51 15
51 18
51 26
51 30
51 43
51 44
51 53
51 54
51 56
51 60
51 61
51 63
51 68
52 3
52 4
52 13
52 14
52 15
52 20
52 23
52 27
52 29
52 30
52 31
52 32
52 34
52 37
52 40
52 43
52 49
52 65
52 66
52 67
52 68
53 9
53 14
53 15
53 21
53 28
53 31
53 41
53 45
53 48
53 51
53 63
53 67
53 68
54 3
54 5
54 14
54 16
54 19
54 23
54 34
54 38
54 41
54 52
54 60
55 1
55 2
55 13
55 24
55 25
55 26
55 27
55 28
55 38
55 48
55 49
55 51
55 56
55 58
56 18
56 26
56 36
56 37
56 42
56 54
56 59
56 60
56 63
56 64
57 2
57 4
57 11
57 20
57 34
57 36
57 37
57 39
57 40
57 42
57 47
57 52
57 59
57 62
57 63
57 64
57 65
57 66
57 67
58 16
58 17
58 23
58 28
58 32
58 35
58 42
58 61
58 62
58 66
58 69
59 2
59 16
59 18
59 21
59 25
59 39
59 44
59 45
59 53
59 60
59 63
60 5
60 17
60 27
60 35
60 38
60 45
60 47
60 51
60 53
60 60
60 63
60 64
61 2
61 8
61 10
61 11
61 12
61 14
61 48
61 55
61 57
62 11
62 13
62 15
62 17
62 19
62 22
62 25
62 39
62 45
62 46
62 54
62 56
62 58
62 61
63 4
63 7
63 8
63 14
63 21
63 26
63 28
63 37
63 42
63 50
63 51
63 53
63 55
63 61
63 66
64 3
64 5
64 13
64 25
64 26
64 29
64 36
64 38
64 39
64 40
64 47
64 49
64 58
64 65
64 66
64 67
65 5
65 9
65 19
65 28
65 30
65 33
65 39
65 40
65 42
65 48
65 57
65 62
65 64
66 4
66 9
66 19
66 20
66 32
66 34
66 37
66 38
66 45
66 53
66 54
66 56
66 58
66 62
66 64
66 68
67 6
67 9
67 15
67 19
67 20
67 24
67 30
67 44
67 49
67 50
67 62
67 67
68 3
68 6
68 13
68 17
68 18
68 20
68 30
68 36
68 38
68 47
68 57
68 58
68 61
68 64
68 68
69 0
69 2
69 5
69 14
69 16
69 17
69 21
69 24
69 26
69 36
69 37
69 46
69 50
69 64
69 67
69 69
