0 0
0 4
0 6
0 10
0 11
0 12
0 13
0 15
0 16
0 18
0 19
0 20
0 24
0 27
0 28
0 35
0 36
0 40
0 44
0 46
0 48
0 50
0 51
0 58
0 65
0 67
0 69
1 0
1 1
1 2
1 3
1 4
1 9
1 17
1 20
1 25
1 26
1 27
1 32
1 34
1 35
1 37
1 38
1 39
1 42
1 46
1 50
1 52
1 55
1 56
1 59
1 66
1 67
1 68
1 69
2 0
2 1
2 2
2 8
2 9
2 10
2 17
2 19
2 23
2 26
2 29
2 32
2 36
2 37
2 40
2 41
2 44
2 46
2 48
2 52
2 53
2 55
2 57
2 58
2 59
2 62
2 65
2 67
2 68
3 0
3 7
3 9
3 14
3 16
3 18
3 19
3 21
3 25
3 26
3 34
3 36
3 38
3 40
3 41
3 46
3 47
3 48
3 59
3 60
3 65
3 66
3 67
3 68
4 2
4 6
4 9
4 11
4 13
4 15
4 16
4 19
4 21
4 24
4 25
4 34
4 37
4 38
4 39
4 41
4 42
4 47
4 49
4 51
4 53
4 57
4 59
4 61
4 62
4 64
4 65
4 66
5 0
5 1
5 8
5 11
5 15
5 17
5 18
5 22
5 31
5 32
5 33
5 34
5 35
5 38
5 40
5 41
5 43
5 46
5 49
5 51
5 52
5 54
5 57
5 59
5 61
5 65
5 67
5 68
6 1
6 3
6 7
6 8
6 10
6 11
6 13
6 29
6 31
6 32
6 33
6 38
6 39
6 42
6 44
6 46
6 50
6 52
6 55
6 58
6 62
6 67
6 69
7 0
7 1
7 2
7 5
7 6
7 9
7 10
7 14
7 29
7 30
7 36
7 41
7 44
7 47
7 49
7 50
7 52
7 57
7 58
7 61
7 62
7 63
7 64
7 66
7 68
7 69
8 1
8 2
8 3
8 7
8 8
8 10
8 11
8 12
8 13
8 15
8 20
8 23
8 25
8 26
8 29
8 31
8 33
8 34
8 35
8 36
8 38
8 39
8 41
8 48
8 55
8 57
8 60
8 62
8 65
8 66
8 67
9 2
9 3
9 4
9 5
9 8
9 9
9 10
9 13
9 14
9 15
9 18
9 19
9 20
9 22
9 27
9 29
9 30
9 35
9 37
9 40
9 42
9 43
9 44
9 45
9 46
9 47
9 49
9 50
9 54
9 59
9 60
9 63
9 66
9 69
10 1
10 2
10 3
10 5
10 8
10 9
10 10
10 11
10 12
10 14
10 20
10 23
10 24
10 25
10 26
10 29
10 30
10 35
10 44
10 47
10 48
10 50
10 51
10 52
10 54
10 57
10 59
10 60
10 62
10 69
11 1
11 4
11 7
11 8
11 13
11 14
11 17
11 19
11 22
11 24
11 29
11 31
11 35
11 37
11 44
11 45
11 49
11 52
11 57
11 59
11 61
11 65
11 66
11 69
12 1
12 4
12 7
12 10
12 11
12 13
12 16
12 17
12 19
12 20
12 23
12 24
12 25
12 29
12 33
12 39
12 40
12 46
12 49
12 50
12 51
12 53
12 56
12 58
12 59
12 61
12 63
12 64
12 66
13 0
13 4
13 7
13 10
13 17
13 19
13 20
13 26
13 28
13 29
13 34
13 35
13 39
13 42
13 46
13 54
13 55
13 60
13 63
13 64
13 66
13 69
14 1
14 3
14 5
14 7
14 10
14 11
14 13
14 15
14 24
14 25
14 26
14 27
14 30
14 31
14 33
14 37
14 38
14 45
14 46
14 47
14 48
14 50
14 55
14 58
14 64
14 65
14 66
14 69
15 0
15 1
15 2
15 9
15 11
15 14
15 18
15 21
15 23
15 27
15 31
15 33
15 35
15 38
15 42
15 44
15 47
15 50
15 51
15 56
15 63
15 66
16 1
16 4
16 8
16 11
16 15
16 16
16 17
16 19
16 21
16 22
16 25
16 26
16 28
16 34
16 37
16 40
16 43
16 48
16 49
16 53
16 54
16 56
16 58
16 61
16 63
16 66
16 67
16 68
16 69
17 1
17 2
17 3
17 4
17 5
17 9
17 10
17 11
17 15
17 18
17 19
17 21
17 22
17 26
17 28
17 29
17 30
17 31
17 32
17 34
17 39
17 41
17 42
17 45
17 51
17 53
17 54
17 56
17 60
17 61
17 62
17 65
17 68
18 1
18 3
18 4
18 8
18 11
18 12
18 14
18 15
18 19
18 20
18 25
18 27
18 29
18 30
18 34
18 36
18 39
18 41
18 44
18 47
18 48
18 51
18 52
18 53
18 56
18 57
18 60
18 61
18 62
18 64
19 1
19 5
19 10
19 11
19 12
19 15
19 18
19 19
19 21
19 23
19 25
19 26
19 35
19 40
19 42
19 52
19 56
19 57
19 59
19 62
19 63
19 67
19 68
20 1
20 2
20 5
20 8
20 9
20 14
20 16
20 21
20 25
20 28
20 29
20 30
20 33
20 35
20 36
20 37
20 38
20 39
20 44
20 46
20 47
20 48
20 55
20 56
20 59
20 61
20 62
20 65
20 66
20 68
21 0
21 1
21 3
21 6
21 10
21 16
21 17
21 21
21 22
21 23
21 25
21 27
21 29
21 31
21 34
21 35
21 38
21 40
21 41
21 42
21 43
21 45
21 46
21 47
21 48
21 49
21 50
21 52
21 54
21 55
21 58
21 60
21 64
21 65
21 66
21 68
22 1
22 2
22 6
22 9
22 10
22 11
22 12
22 14
22 15
22 16
22 18
22 19
22 26
22 35
22 36
22 40
22 46
22 47
22 48
22 50
22 55
22 60
22 65
22 67
23 1
23 3
23 4
23 8
23 13
23 17
23 20
23 24
23 32
23 33
23 35
23 36
23 40
23 42
23 43
23 45
23 46
23 47
23 51
23 52
23 56
23 57
23 60
23 66
23 67
24 2
24 3
24 4
24 5
24 9
24 12
24 17
24 20
24 21
24 22
24 24
24 25
24 26
24 32
24 33
24 37
24 38
24 42
24 45
24 46
24 48
24 49
24 50
24 51
24 57
24 67
24 68
25 4
25 7
25 9
25 12
25 14
25 19
25 21
25 23
25 24
25 25
25 26
25 27
25 28
25 37
25 38
25 39
25 40
25 42
25 43
25 44
25 45
25 47
25 49
25 51
25 52
25 53
25 55
25 56
25 60
25 61
25 64
25 68
26 4
26 6
26 7
26 9
26 11
26 12
26 17
26 19
26 23
26 29
26 30
26 32
26 34
26 36
26 38
26 44
26 45
26 47
26 49
26 51
26 52
26 55
26 56
26 57
26 61
26 62
26 63
26 68
27 0
27 2
27 3
27 6
27 8
27 10
27 13
27 19
27 20
27 21
27 22
27 25
27 31
27 35
27 38
27 40
27 41
27 42
27 43
27 45
27 46
27 49
27 52
27 54
27 58
27 59
27 60
27 65
27 67
27 68
27 69
28 3
28 6
28 7
28 14
28 16
28 17
28 19
28 22
28 24
28 27
28 28
28 29
28 30
28 31
28 32
28 35
28 37
28 45
28 46
28 52
28 53
28 55
28 56
28 60
28 61
28 63
28 65
28 66
28 67
28 68
28 69
29 0
29 2
29 17
29 21
29 22
29 23
29 24
29 25
29 26
29 29
29 31
29 32
29 33
29 34
29 35
29 37
29 39
29 41
29 45
29 50
29 53
29 57
29 59
29 60
29 61
29 62
29 63
29 67
29 68
29 69
30 4
30 6
30 7
30 10
30 16
30 17
30 19
30 20
30 22
30 24
30 26
30 27
30 28
30 30
30 34
30 35
30 39
30 40
30 41
30 45
30 48
30 50
30 52
30 54
30 60
30 61
30 62
30 63
30 66
31 3
31 4
31 5
31 10
31 12
31 13
31 17
31 19
31 20
31 21
31 22
31 23
31 28
31 31
31 33
31 35
31 44
31 45
31 51
31 52
31 54
31 58
31 60
31 63
31 66
31 67
31 69
32 0
32 1
32 2
32 4
32 6
32 7
32 14
32 22
32 23
32 25
32 27
32 28
32 29
32 30
32 37
32 41
32 42
32 43
32 47
32 51
32 55
32 57
32 58
32 59
32 61
32 62
32 66
33 1
33 2
33 3
33 5
33 11
33 14
33 16
33 21
33 22
33 23
33 24
33 25
33 26
33 27
33 33
33 34
33 36
33 38
33 41
33 48
33 52
33 56
33 57
33 58
33 65
34 1
34 2
34 3
34 6
34 7
34 10
34 11
34 12
34 13
34 14
34 15
34 16
34 18
34 19
34 21
34 22
34 24
34 25
34 26
34 28
34 30
34 31
34 32
34 33
34 34
34 36
34 39
34 40
34 44
34 46
34 47
34 49
34 51
34 57
34 60
34 61
34 63
34 64
35 2
35 3
35 4
35 10
35 19
35 20
35 21
35 22
35 25
35 28
35 29
35 31
35 35
35 36
35 37
35 38
35 40
35 42
35 47
35 48
35 49
35 50
35 52
35 53
35 59
35 60
35 65
35 66
36 0
36 2
36 4
36 5
36 6
36 8
36 11
36 14
36 15
36 16
36 21
36 23
36 31
36 36
36 39
36 43
36 44
36 45
36 50
36 51
36 53
36 56
36 58
36 60
36 62
36 68
36 69
37 0
37 3
37 4
37 8
37 10
37 14
37 15
37 17
37 18
37 23
37 24
37 27
37 29
37 36
37 40
37 41
37 42
37 44
37 48
37 50
37 51
37 53
37 55
37 63
37 64
37 69
38 3
38 4
38 6
38 8
38 10
38 11
38 13
38 16
38 18
38 24
38 25
38 30
38 32
38 35
38 37
38 38
38 42
38 45
38 47
38 48
38 51
38 57
38 60
38 65
39 0
39 1
39 2
39 3
39 4
39 11
39 12
39 15
39 20
39 22
39 23
39 24
39 25
39 27
39 28
39 37
39 38
39 39
39 47
39 48
39 50
39 52
39 54
39 58
39 63
40 3
40 5
40 9
40 11
40 14
40 16
40 21
40 23
40 24
40 25
40 27
40 28
40 29
40 34
40 35
40 36
40 48
40 49
40 50
40 51
40 54
40 59
40 61
40 62
40 63
40 68
41 0
41 2
41 3
41 6
41 14
41 15
41 19
41 23
41 28
41 33
41 34
41 35
41 39
41 41
41 42
41 44
41 47
41 50
41 52
41 55
41 58
41 61
41 67
41 69
42 2
42 7
42 9
42 12
42 19
42 21
42 24
42 27
42 28
42 29
42 34
42 35
42 36
42 37
42 40
42 44
42 47
42 48
42 51
42 57
42 58
42 61
42 62
42 63
42 64
42 66
42 68
42 69
43 8
43 10
43 12
43 13
43 14
43 16
43 17
43 21
43 22
43 27
43 28
43 29
43 30
43 32
43 33
43 34
43 39
43 40
43 42
43 44
43 45
43 49
43 52
43 56
43 58
43 59
43 60
43 61
43 63
43 64
43 69
44 0
44 2
44 11
44 15
44 17
44 21
44 23
44 27
44 28
44 30
44 31
44 32
44 34
44 35
44 37
44 38
44 39
44 40
44 41
44 43
44 46
44 48
44 50
44 51
44 52
44 53
44 55
44 58
44 65
44 66
45 1
45 7
45 9
45 10
45 14
45 17
45 20
45 21
45 23
45 26
45 30
45 31
45 32
45 36
45 37
45 38
45 41
45 42
45 43
45 47
45 55
45 57
45 62
45 66
45 67
45 68
45 69
46 2
46 3
46 4
46 8
46 11
46 13
46 18
46 21
46 22
46 25
46 26
46 30
46 31
46 32
46 33
46 34
46 38
46 39
46 42
46 44
46 46
46 52
46 54
46 56
46 57
46 60
46 62
46 63
46 65
46 69
47 0
47 4
47 5
47 6
47 14
47 18
47 23
47 24
47 29
47 38
47 40
47 41
47 42
47 43
47 44
47 46
47 49
47 50
47 54
47 55
47 58
47 63
47 66
47 67
47 69
48 0
48 3
48 5
48 8
48 12
48 13
48 14
48 16
48 17
48 25
48 29
48 30
48 32
48 36
48 38
48 44
48 45
48 47
48 49
48 52
48 54
48 56
48 64
48 65
48 68
49 6
49 13
49 14
49 16
49 19
49 21
49 23
49 24
49 25
49 29
49 30
49 31
49 37
49 38
49 41
49 42
49 43
49 44
49 45
49 47
49 52
49 54
49 55
49 58
49 59
49 61
49 65
50 0
50 1
50 2
50 5
50 6
50 8
50 11
50 12
50 17
50 18
50 19
50 21
50 23
50 28
50 35
50 36
50 42
50 43
50 44
50 46
50 47
50 48
50 50
50 52
50 64
50 66
50 67
50 69
51 0
51 5
51 7
51 10
51 11
51 14
51 15
51 17
51 19
51 20
51 23
51 31
51 32
51 33
51 36
51 40
51 43
51 48
51 49
51 51
51 52
51 55
51 57
51 58
51 60
51 62
52 3
52 11
52 15
52 16
52 19
52 22
52 23
52 29
52 33
52 35
52 36
52 37
52 39
52 42
52 45
52 46
52 47
52 48
52 54
52 56
52 57
52 58
53 6
53 8
53 9
53 10
53 13
53 17
53 20
53 24
53 26
53 31
53 32
53 34
53 36
53 39
53 46
53 47
53 49
53 53
53 54
53 55
53 59
53 62
53 63
53 66
54 1
54 2
54 9
54 13
54 14
54 16
54 17
54 23
54 25
54 26
54 28
54 29
54 32
54 33
54 38
54 39
54 42
54 44
54 45
54 46
54 47
54 49
54 50
54 51
54 52
54 54
54 55
54 56
54 57
54 59
54 61
54 64
54 66
54 69
55 7
55 8
55 9
55 11
55 15
55 28
55 29
55 30
55 32
55 34
55 42
55 43
55 51
55 53
55 61
55 62
55 65
55 66
55 67
56 6
56 7
56 9
56 10
56 12
56 13
56 15
56 16
56 18
56 24
56 27
56 30
56 32
56 33
56 34
56 35
56 39
56 41
56 43
56 44
56 49
56 50
56 52
56 53
56 58
56 60
56 61
56 64
56 65
56 67
56 69
57 0
57 8
57 10
57 12
57 13
57 15
57 19
57 21
57 23
57 24
57 25
57 26
57 27
57 29
57 33
57 34
57 40
57 42
57 46
57 53
57 54
57 56
57 57
57 59
57 60
57 62
57 63
57 64
57 67
58 0
58 4
58 11
58 13
58 19
58 22
58 26
58 28
58 30
58 32
58 34
58 36
58 39
58 43
58 44
58 45
58 46
58 50
58 63
58 65
58 67
58 69
59 0
59 3
59 4
59 9
59 10
59 11
59 12
59 14
59 15
59 20
59 21
59 22
59 24
59 25
59 26
59 29
59 32
59 36
59 37
59 39
59 40
59 42
59 47
59 51
59 54
59 55
59 59
59 63
59 64
59 66
59 68
60 3
60 6
60 7
60 10
60 13
60 17
60 18
60 20
60 22
60 23
60 25
60 26
60 35
60 36
60 42
60 43
60 45
60 48
60 51
60 52
60 53
60 55
60 56
60 57
60 59
60 60
60 61
60 67
60 68
61 0
61 8
61 11
61 12
61 16
61 21
61 27
61 31
61 33
61 34
61 35
61 37
61 41
61 43
61 45
61 49
61 50
61 54
61 55
61 61
61 62
61 63
61 65
61 68
61 69
62 4
62 8
62 9
62 12
62 13
62 15
62 17
62 18
62 20
62 21
62 23
62 26
62 27
62 29
62 32
62 34
62 35
62 36
62 39
62 41
62 43
62 46
62 49
62 52
62 58
62 61
62 65
62 67
63 4
63 7
63 11
63 13
63 17
63 18
63 20
63 25
63 26
63 29
63 37
63 40
63 43
63 44
63 47
63 48
63 50
63 52
63 54
63 55
63 59
63 60
63 61
63 65
64 2
64 3
64 6
64 7
64 11
64 13
64 14
64 18
64 28
64 34
64 36
64 37
64 40
64 44
64 51
64 52
64 54
64 57
64 58
64 59
64 60
64 61
64 64
64 65
64 67
64 68
64 69
65 1
65 3
65 5
65 10
65 11
65 12
65 13
65 14
65 17
65 18
65 21
65 22
65 23
65 27
65 28
65 30
65 33
65 34
65 35
65 36
65 40
65 42
65 44
65 47
65 51
65 53
65 60
65 64
65 65
65 68
65 69
66 2
66 3
66 6
66 10
66 13
66 14
66 17
66 18
66 21
66 26
66 28
66 32
66 38
66 42
66 43
66 48
66 49
66 53
66 55
66 57
66 58
66 59
66 60
66 62
66 63
66 67
67 0
67 5
67 6
67 8
67 10
67 14
67 16
67 20
67 24
67 25
67 26
67 27
67 28
67 35
67 36
67 38
67 39
67 40
67 42
67 46
67 48
67 50
67 53
67 57
67 61
67 62
67 64
67 65
67 67
67 68
68 1
68 3
68 5
68 7
68 11
68 12
68 16
68 17
68 19
68 23
68 26
68 32
68 37
68 38
68 40
68 41
68 44
68 45
68 49
68 56
68 57
68 58
68 68
69 2
69 3
69 6
69 7
69 8
69 11
69 16
69 19
69 20
69 21
69 23
69 25
69 31
69 33
69 34
69 36
69 38
69 41
69 44
69 49
69 50
69 51
69 59
69 62
69 63
69 64
69 65
69 68
69 69
