0 1
0 7
0 8
0 9
0 13
0 15
0 16
0 18
0 19
0 21
0 23
0 24
0 25
0 28
0 30
0 33
0 34
0 36
0 41
0 43
0 44
0 46
0 54
0 57
0 59
0 60
0 62
0 64
0 66
0 69
0 70
0 71
0 75
0 77
0 78
0 79
1 1
1 2
1 4
1 6
1 7
1 9
1 10
1 17
1 22
1 23
1 26
1 33
1 38
1 40
1 41
1 44
1 46
1 48
1 49
1 51
1 54
1 57
1 58
1 62
1 63
1 64
1 65
1 68
1 70
1 71
1 73
1 74
1 78
2 0
2 2
2 9
2 10
2 11
2 13
2 14
2 18
2 22
2 26
2 27
2 29
2 30
2 31
2 32
2 33
2 35
2 36
2 37
2 39
2 40
2 41
2 42
2 47
2 48
2 49
2 50
2 58
2 60
2 63
2 64
2 67
2 69
2 70
2 72
2 75
2 76
3 0
3 1
3 2
3 3
3 5
3 6
3 8
3 10
3 12
3 14
3 16
3 17
3 18
3 20
3 22
3 26
3 27
3 28
3 29
3 30
3 31
3 32
3 34
3 35
3 38
3 41
3 46
3 47
3 50
3 52
3 53
3 54
3 56
3 57
3 59
3 60
3 62
3 69
3 70
3 72
3 79
4 0
4 2
4 4
4 5
4 6
4 7
4 8
4 9
4 10
4 14
4 15
4 18
4 19
4 20
4 21
4 23
4 24
4 27
4 35
4 37
4 38
4 39
4 40
4 44
4 65
4 66
4 67
4 69
4 72
4 73
4 74
4 75
4 76
4 78
5 0
5 3
5 4
5 7
5 9
5 12
5 14
5 15
5 16
5 21
5 23
5 24
5 26
5 28
5 30
5 31
5 32
5 34
5 35
5 38
5 39
5 41
5 43
5 44
5 47
5 53
5 54
5 55
5 56
5 58
5 60
5 61
5 63
5 66
5 70
5 76
5 77
5 79
6 0
6 1
6 3
6 4
6 5
6 7
6 9
6 10
6 12
6 16
6 17
6 18
6 24
6 27
6 28
6 32
6 33
6 36
6 37
6 42
6 43
6 44
6 47
6 48
6 50
6 52
6 53
6 55
6 56
6 57
6 58
6 69
6 72
6 73
6 75
6 76
6 78
7 5
7 7
7 9
7 10
7 13
7 14
7 16
7 18
7 19
7 25
7 27
7 29
7 30
7 31
7 33
7 35
7 38
7 40
7 43
7 44
7 49
7 54
7 55
7 58
7 60
7 70
7 71
7 72
7 77
7 79
8 1
8 2
8 4
8 6
8 8
8 9
8 10
8 11
8 12
8 13
8 15
8 18
8 25
8 30
8 33
8 35
8 37
8 39
8 41
8 42
8 43
8 47
8 49
8 51
8 52
8 53
8 57
8 59
8 60
8 63
8 64
8 65
8 66
8 70
8 72
8 78
9 0
9 2
9 5
9 9
9 10
9 12
9 14
9 17
9 18
9 22
9 23
9 29
9 36
9 42
9 43
9 45
9 52
9 54
9 55
9 57
9 61
9 62
9 63
9 65
9 68
9 70
9 71
9 72
9 74
9 75
9 76
10 0
10 2
10 3
10 7
10 8
10 9
10 11
10 13
10 15
10 19
10 22
10 24
10 26
10 28
10 29
10 30
10 31
10 34
10 35
10 36
10 37
10 43
10 44
10 46
10 47
10 50
10 56
10 58
10 59
10 62
10 66
10 68
10 69
10 71
10 75
10 76
10 77
11 1
11 2
11 8
11 9
11 10
11 12
11 14
11 15
11 20
11 21
11 24
11 26
11 27
11 30
11 38
11 39
11 40
11 43
11 46
11 49
11 50
11 53
11 60
11 63
11 65
11 69
11 72
11 74
11 76
11 77
11 78
12 3
12 4
12 9
12 11
12 14
12 16
12 19
12 21
12 32
12 35
12 39
12 44
12 50
12 51
12 52
12 57
12 58
12 59
12 60
12 61
12 62
12 64
12 66
12 67
12 69
12 72
12 73
12 74
12 76
12 77
13 0
13 1
13 3
13 4
13 8
13 11
13 12
13 13
13 14
13 16
13 17
13 18
13 20
13 25
13 27
13 30
13 31
13 32
13 33
13 35
13 38
13 41
13 44
13 46
13 56
13 58
13 59
13 60
13 65
13 70
13 72
13 73
13 79
14 3
14 8
14 9
14 10
14 12
14 17
14 19
14 20
14 22
14 25
14 26
14 29
14 41
14 44
14 46
14 47
14 48
14 51
14 56
14 57
14 58
14 60
14 61
14 64
14 67
14 71
14 72
14 73
15 0
15 2
15 7
15 10
15 17
15 19
15 20
15 24
15 25
15 27
15 28
15 38
15 41
15 44
15 46
15 49
15 51
15 55
15 56
15 57
15 63
15 64
15 66
15 68
15 69
15 71
15 72
15 73
15 74
15 79
16 3
16 6
16 11
16 12
16 14
16 16
16 18
16 22
16 31
16 32
16 33
16 36
16 39
16 44
16 45
16 48
16 52
16 55
16 60
16 66
16 68
16 69
16 70
16 71
16 75
16 79
17 3
17 4
17 5
17 6
17 10
17 12
17 13
17 21
17 22
17 23
17 25
17 26
17 32
17 37
17 40
17 41
17 45
17 47
17 48
17 49
17 52
17 54
17 61
17 67
17 68
17 70
17 71
17 76
17 77
17 78
18 1
18 3
18 4
18 6
18 7
18 8
18 9
18 10
18 12
18 15
18 18
18 21
18 29
18 30
18 31
18 32
18 34
18 36
18 39
18 40
18 43
18 45
18 48
18 49
18 51
18 53
18 54
18 56
18 57
18 59
18 60
18 63
18 64
18 72
18 73
18 75
18 78
19 3
19 4
19 5
19 12
19 13
19 14
19 16
19 18
19 23
19 27
19 30
19 31
19 35
19 38
19 40
19 44
19 47
19 48
19 49
19 51
19 54
19 55
19 60
19 61
19 63
19 65
19 66
19 67
19 69
19 72
19 75
19 78
20 0
20 1
20 4
20 7
20 11
20 14
20 17
20 19
20 21
20 27
20 28
20 30
20 31
20 32
20 39
20 44
20 47
20 49
20 52
20 56
20 58
20 62
20 64
20 69
20 70
20 74
20 75
20 76
20 78
20 79
21 0
21 2
21 4
21 6
21 7
21 8
21 12
21 13
21 15
21 16
21 21
21 24
21 25
21 27
21 28
21 29
21 31
21 32
21 34
21 36
21 37
21 40
21 44
21 46
21 52
21 53
21 55
21 56
21 58
21 59
21 64
21 65
21 66
21 67
21 70
21 73
21 76
21 78
21 79
22 0
22 2
22 3
22 4
22 6
22 9
22 12
22 14
22 19
22 28
22 29
22 30
22 31
22 33
22 34
22 39
22 41
22 46
22 48
22 49
22 50
22 53
22 54
22 67
22 68
22 72
22 75
22 77
23 0
23 2
23 3
23 4
23 6
23 9
23 15
23 22
23 29
23 30
23 35
23 39
23 41
23 42
23 45
23 46
23 48
23 50
23 51
23 54
23 57
23 58
23 59
23 61
23 65
23 66
23 67
23 69
23 73
23 77
24 0
24 7
24 8
24 12
24 15
24 17
24 18
24 20
24 24
24 25
24 27
24 32
24 34
24 36
24 37
24 38
24 40
24 42
24 45
24 47
24 48
24 49
24 53
24 54
24 55
24 57
24 61
24 66
24 71
24 72
24 74
24 78
24 79
25 0
25 2
25 7
25 9
25 11
25 12
25 14
25 17
25 18
25 20
25 21
25 27
25 32
25 33
25 35
25 40
25 41
25 42
25 43
25 44
25 45
25 46
25 47
25 48
25 54
25 58
25 59
25 60
25 67
25 68
25 70
25 71
25 72
26 1
26 4
26 8
26 11
26 16
26 17
26 22
26 23
26 28
26 30
26 32
26 33
26 38
26 40
26 44
26 46
26 58
26 59
26 61
26 66
26 70
26 74
26 76
26 77
26 78
27 0
27 1
27 2
27 3
27 4
27 5
27 6
27 7
27 16
27 17
27 18
27 20
27 24
27 32
27 34
27 37
27 38
27 44
27 46
27 49
27 53
27 57
27 59
27 62
27 63
27 67
27 71
27 76
28 0
28 1
28 11
28 24
28 28
28 29
28 35
28 37
28 38
28 41
28 42
28 44
28 45
28 47
28 49
28 52
28 54
28 59
28 60
28 63
28 67
28 69
28 71
28 72
28 73
28 74
28 75
28 76
28 77
28 78
29 1
29 12
29 13
29 15
29 16
29 19
29 20
29 21
29 23
29 24
29 25
29 27
29 28
29 33
29 37
29 40
29 42
29 44
29 45
29 46
29 47
29 50
29 51
29 53
29 54
29 59
29 60
29 63
29 64
29 65
29 68
29 74
29 75
29 78
29 79
30 0
30 2
30 6
30 10
30 15
30 18
30 19
30 20
30 22
30 23
30 25
30 27
30 31
30 35
30 44
30 46
30 51
30 52
30 53
30 55
30 58
30 59
30 60
30 62
30 64
30 65
30 66
30 67
30 68
30 69
30 70
30 73
30 74
30 75
31 0
31 2
31 3
31 5
31 6
31 10
31 13
31 15
31 18
31 20
31 21
31 22
31 23
31 24
31 25
31 26
31 27
31 30
31 33
31 36
31 41
31 42
31 43
31 45
31 49
31 51
31 56
31 58
31 59
31 64
31 66
31 67
31 70
31 71
31 73
31 75
31 76
32 1
32 7
32 10
32 14
32 15
32 20
32 21
32 23
32 24
32 26
32 28
32 30
32 31
32 33
32 35
32 39
32 40
32 46
32 61
32 64
32 68
32 69
32 74
32 78
33 1
33 4
33 9
33 23
33 24
33 29
33 31
33 35
33 37
33 39
33 47
33 50
33 52
33 53
33 54
33 56
33 61
33 62
33 64
33 68
33 70
33 73
33 74
33 78
34 0
34 2
34 3
34 6
34 10
34 12
34 18
34 24
34 26
34 28
34 30
34 34
34 40
34 45
34 46
34 47
34 49
34 51
34 52
34 57
34 58
34 59
34 62
34 66
34 67
34 69
34 73
34 74
34 75
34 76
34 78
34 79
35 1
35 3
35 5
35 12
35 15
35 16
35 17
35 23
35 24
35 25
35 26
35 29
35 31
35 32
35 35
35 36
35 38
35 39
35 45
35 46
35 47
35 48
35 49
35 50
35 51
35 56
35 57
35 59
35 61
35 62
35 63
35 64
35 65
35 66
35 67
35 71
36 2
36 3
36 4
36 5
36 7
36 11
36 12
36 13
36 14
36 15
36 21
36 22
36 25
36 30
36 31
36 32
36 33
36 39
36 41
36 56
36 63
36 66
36 67
36 68
36 70
36 71
36 72
36 73
36 74
36 77
37 7
37 8
37 9
37 13
37 15
37 16
37 17
37 20
37 22
37 23
37 24
37 26
37 29
37 32
37 36
37 38
37 41
37 42
37 48
37 53
37 55
37 56
37 61
37 62
37 66
37 68
37 71
37 74
37 77
37 78
37 79
38 1
38 3
38 4
38 6
38 10
38 11
38 12
38 13
38 14
38 15
38 16
38 17
38 18
38 21
38 22
38 24
38 25
38 26
38 29
38 33
38 34
38 37
38 42
38 45
38 46
38 47
38 51
38 52
38 54
38 56
38 57
38 58
38 61
38 67
38 68
38 70
38 71
38 75
38 76
39 3
39 4
39 5
39 6
39 9
39 10
39 12
39 15
39 16
39 18
39 20
39 21
39 24
39 27
39 28
39 30
39 31
39 32
39 39
39 41
39 42
39 46
39 58
39 59
39 62
39 63
39 64
39 70
39 71
39 76
39 77
40 0
40 1
40 4
40 6
40 7
40 12
40 15
40 16
40 18
40 19
40 20
40 21
40 22
40 23
40 27
40 32
40 35
40 37
40 42
40 47
40 48
40 52
40 53
40 54
40 59
40 64
40 66
40 67
40 68
40 70
40 71
40 73
40 78
40 79
41 1
41 2
41 10
41 12
41 17
41 21
41 24
41 25
41 26
41 27
41 30
41 31
41 33
41 36
41 39
41 47
41 48
41 52
41 58
41 59
41 60
41 61
41 64
41 66
41 67
41 70
41 74
41 77
41 78
41 79
42 0
42 5
42 6
42 7
42 8
42 10
42 11
42 13
42 20
42 21
42 27
42 28
42 29
42 30
42 33
42 34
42 36
42 37
42 40
42 43
42 46
42 47
42 48
42 50
42 63
42 64
42 66
42 71
42 74
42 77
43 1
43 5
43 10
43 12
43 14
43 16
43 20
43 24
43 32
43 33
43 34
43 37
43 39
43 40
43 41
43 43
43 46
43 52
43 53
43 54
43 59
43 60
43 61
43 62
43 68
43 71
43 75
43 76
43 77
43 78
44 2
44 5
44 6
44 9
44 10
44 11
44 12
44 13
44 15
44 19
44 20
44 22
44 23
44 24
44 27
44 29
44 30
44 31
44 32
44 35
44 37
44 38
44 39
44 42
44 43
44 55
44 59
44 60
44 61
44 62
44 64
44 68
44 79
45 1
45 4
45 12
45 14
45 15
45 16
45 18
45 26
45 29
45 36
45 38
45 39
45 41
45 46
45 49
45 50
45 51
45 52
45 55
45 56
45 58
45 59
45 61
45 62
45 64
45 65
45 69
45 74
45 77
45 78
45 79
46 0
46 3
46 7
46 9
46 11
46 13
46 14
46 16
46 17
46 20
46 21
46 23
46 24
46 25
46 26
46 30
46 33
46 35
46 36
46 39
46 42
46 43
46 48
46 57
46 58
46 59
46 64
46 65
46 70
46 71
46 72
46 75
47 0
47 1
47 4
47 5
47 6
47 10
47 13
47 14
47 15
47 17
47 18
47 20
47 25
47 29
47 31
47 32
47 38
47 43
47 44
47 45
47 46
47 47
47 51
47 52
47 55
47 57
47 60
47 62
47 66
47 68
47 71
47 72
47 75
47 76
47 79
48 0
48 4
48 8
48 13
48 14
48 21
48 23
48 30
48 32
48 36
48 38
48 43
48 44
48 47
48 49
48 54
48 55
48 57
48 58
48 60
48 61
48 64
48 66
48 67
48 70
48 71
48 73
48 74
49 0
49 2
49 3
49 8
49 10
49 12
49 13
49 20
49 21
49 24
49 25
49 27
49 30
49 32
49 33
49 35
49 38
49 42
49 45
49 48
49 52
49 54
49 56
49 58
49 59
49 60
49 62
49 65
49 67
49 68
49 70
49 78
49 79
50 3
50 6
50 8
50 12
50 15
50 16
50 17
50 21
50 22
50 26
50 27
50 28
50 36
50 41
50 42
50 43
50 45
50 49
50 50
50 52
50 54
50 55
50 56
50 62
50 63
50 64
50 67
50 70
50 76
51 0
51 6
51 8
51 10
51 12
51 13
51 14
51 16
51 17
51 20
51 22
51 24
51 30
51 32
51 34
51 35
51 39
51 41
51 42
51 51
51 53
51 55
51 56
51 57
51 58
51 60
51 62
51 66
51 69
51 72
51 73
51 74
51 77
51 78
51 79
52 0
52 2
52 3
52 11
52 14
52 15
52 21
52 26
52 29
52 30
52 31
52 33
52 37
52 41
52 42
52 45
52 48
52 49
52 50
52 55
52 57
52 59
52 61
52 62
52 63
52 67
52 68
52 71
52 75
53 0
53 1
53 3
53 7
53 10
53 15
53 20
53 23
53 24
53 29
53 30
53 31
53 36
53 37
53 44
53 45
53 46
53 49
53 51
53 54
53 59
53 60
53 62
53 69
53 71
53 76
53 78
53 79
54 0
54 1
54 5
54 6
54 10
54 11
54 12
54 13
54 15
54 17
54 19
54 23
54 24
54 25
54 28
54 33
54 34
54 35
54 36
54 39
54 46
54 48
54 50
54 53
54 54
54 55
54 56
54 58
54 59
54 63
54 68
54 69
54 75
55 2
55 3
55 10
55 12
55 15
55 16
55 17
55 20
55 24
55 25
55 28
55 29
55 34
55 36
55 39
55 40
55 45
55 47
55 49
55 50
55 51
55 52
55 54
55 57
55 63
55 66
55 69
55 70
55 72
55 73
55 74
55 75
55 77
56 1
56 2
56 4
56 6
56 7
56 8
56 10
56 11
56 17
56 18
56 25
56 26
56 27
56 28
56 38
56 39
56 42
56 45
56 46
56 47
56 48
56 53
56 55
56 58
56 60
56 62
56 63
56 65
56 69
56 74
56 76
56 78
57 0
57 4
57 5
57 6
57 7
57 10
57 15
57 16
57 19
57 24
57 25
57 26
57 28
57 30
57 31
57 32
57 34
57 36
57 37
57 39
57 40
57 44
57 45
57 48
57 50
57 51
57 52
57 54
57 55
57 56
57 57
57 58
57 59
57 61
57 62
57 67
57 69
57 74
57 75
57 76
58 4
58 5
58 8
58 9
58 10
58 19
58 25
58 28
58 30
58 32
58 36
58 37
58 38
58 39
58 44
58 47
58 48
58 51
58 54
58 57
58 60
58 62
58 64
58 66
58 67
58 68
58 72
58 73
58 79
59 2
59 3
59 8
59 14
59 17
59 21
59 25
59 28
59 29
59 35
59 36
59 44
59 47
59 58
59 61
59 63
59 65
59 67
59 68
59 69
59 70
59 72
59 75
60 0
60 3
60 4
60 14
60 15
60 16
60 17
60 21
60 22
60 34
60 35
60 43
60 45
60 47
60 48
60 50
60 53
60 55
60 57
60 58
60 60
60 61
60 63
60 64
60 65
60 66
60 68
60 72
60 76
61 0
61 3
61 4
61 6
61 8
61 9
61 10
61 12
61 13
61 16
61 17
61 21
61 23
61 25
61 26
61 28
61 30
61 32
61 34
61 35
61 37
61 41
61 42
61 52
61 53
61 54
61 58
61 60
61 61
61 64
61 66
61 69
61 71
61 73
61 76
62 0
62 2
62 4
62 8
62 10
62 12
62 13
62 15
62 16
62 18
62 19
62 20
62 24
62 25
62 27
62 28
62 29
62 30
62 35
62 40
62 41
62 43
62 44
62 45
62 49
62 50
62 54
62 57
62 61
62 64
62 65
62 68
62 71
62 72
62 73
62 74
63 1
63 3
63 5
63 7
63 10
63 12
63 15
63 18
63 19
63 21
63 22
63 23
63 25
63 32
63 35
63 37
63 38
63 39
63 41
63 43
63 52
63 55
63 56
63 60
63 66
63 67
63 71
63 72
63 73
63 76
63 77
64 0
64 3
64 5
64 9
64 11
64 12
64 15
64 16
64 18
64 19
64 22
64 28
64 31
64 33
64 37
64 49
64 50
64 51
64 53
64 54
64 55
64 59
64 62
64 65
64 66
64 68
64 74
64 75
64 79
65 3
65 5
65 6
65 9
65 12
65 13
65 14
65 16
65 17
65 18
65 20
65 23
65 25
65 26
65 28
65 31
65 33
65 34
65 35
65 43
65 45
65 50
65 51
65 54
65 57
65 65
65 67
65 68
65 69
65 70
65 71
65 72
65 77
65 79
66 0
66 4
66 7
66 11
66 14
66 15
66 18
66 19
66 25
66 29
66 30
66 40
66 43
66 44
66 45
66 48
66 51
66 54
66 58
66 60
66 61
66 64
66 65
66 66
66 67
66 70
66 73
66 75
66 79
67 0
67 1
67 3
67 5
67 8
67 11
67 12
67 19
67 25
67 29
67 30
67 33
67 34
67 36
67 39
67 42
67 44
67 45
67 47
67 54
67 55
67 56
67 57
67 60
67 61
67 63
67 67
67 70
67 71
67 77
68 0
68 2
68 3
68 4
68 5
68 10
68 11
68 12
68 15
68 24
68 28
68 29
68 30
68 39
68 42
68 45
68 47
68 48
68 49
68 51
68 52
68 53
68 55
68 57
68 58
68 60
68 61
68 64
68 67
68 72
68 78
68 79
69 1
69 2
69 5
69 8
69 11
69 13
69 18
69 20
69 25
69 26
69 30
69 32
69 33
69 34
69 35
69 38
69 40
69 41
69 44
69 45
69 46
69 49
69 50
69 51
69 52
69 53
69 58
69 63
69 65
69 75
70 0
70 2
70 4
70 5
70 6
70 7
70 8
70 10
70 11
70 12
70 15
70 16
70 17
70 19
70 21
70 22
70 23
70 25
70 26
70 27
70 30
70 32
70 35
70 38
70 39
70 42
70 45
70 47
70 48
70 49
70 50
70 54
70 57
70 59
70 66
70 69
70 70
70 71
70 74
70 77
70 78
71 3
71 5
71 6
71 8
71 9
71 10
71 13
71 14
71 16
71 20
71 29
71 32
71 36
71 37
71 38
71 39
71 43
71 47
71 48
71 52
71 53
71 56
71 57
71 58
71 61
71 62
71 63
71 64
71 66
71 75
71 76
71 78
72 1
72 2
72 7
72 16
72 18
72 27
72 30
72 31
72 33
72 35
72 38
72 39
72 40
72 41
72 42
72 45
72 47
72 48
72 50
72 54
72 60
72 62
72 63
72 64
72 65
72 66
72 69
72 71
72 75
72 79
73 2
73 3
73 4
73 6
73 12
73 13
73 17
73 18
73 19
73 20
73 22
73 23
73 26
73 27
73 29
73 32
73 33
73 41
73 46
73 52
73 53
73 54
73 55
73 61
73 62
73 63
73 64
73 66
73 70
73 71
73 73
73 74
73 77
74 3
74 4
74 7
74 8
74 9
74 12
74 13
74 16
74 18
74 20
74 25
74 27
74 32
74 33
74 39
74 40
74 47
74 52
74 55
74 59
74 63
74 64
74 69
74 72
74 76
74 78
74 79
75 6
75 7
75 9
75 10
75 15
75 17
75 19
75 23
75 29
75 30
75 34
75 37
75 42
75 45
75 46
75 47
75 48
75 49
75 56
75 57
75 61
75 65
75 66
75 67
75 69
75 76
75 77
76 2
76 6
76 8
76 12
76 13
76 15
76 20
76 23
76 28
76 32
76 36
76 38
76 40
76 41
76 46
76 47
76 54
76 61
76 66
76 67
76 70
76 78
77 2
77 3
77 5
77 9
77 10
77 13
77 15
77 19
77 20
77 30
77 32
77 33
77 35
77 37
77 42
77 50
77 51
77 53
77 57
77 59
77 60
77 61
77 62
77 64
77 65
77 66
77 69
77 70
77 72
77 74
77 75
77 76
77 78
77 79
78 0
78 2
78 8
78 14
78 15
78 17
78 18
78 20
78 22
78 28
78 30
78 33
78 36
78 38
78 45
78 46
78 48
78 52
78 54
78 58
78 59
78 61
78 66
78 71
78 74
78 76
78 78
79 0
79 2
79 3
79 4
79 5
79 6
79 7
79 9
79 11
79 12
79 14
79 16
79 17
79 19
79 25
79 32
79 36
79 37
79 39
79 40
79 43
79 45
79 46
79 47
79 51
79 60
79 61
79 65
79 66
79 67
79 73
79 79
