0 0
0 4
0 5
0 8
0 10
0 12
0 15
0 18
0 19
0 21
0 22
0 24
0 27
0 28
0 29
0 31
0 37
0 38
0 40
0 41
0 42
0 43
0 44
0 46
0 47
0 48
0 50
0 51
0 53
0 54
0 55
0 57
0 58
0 59
0 60
0 62
0 63
0 66
0 67
0 71
0 75
0 77
1 0
1 1
1 2
1 3
1 6
1 9
1 10
1 12
1 14
1 15
1 17
1 20
1 21
1 22
1 23
1 24
1 27
1 28
1 29
1 30
1 31
1 32
1 33
1 37
1 38
1 41
1 42
1 43
1 46
1 48
1 52
1 53
1 55
1 57
1 59
1 63
1 64
1 65
1 66
1 67
1 71
1 72
1 73
1 74
1 77
1 78
1 79
2 1
2 2
2 3
2 5
2 6
2 7
2 8
2 10
2 11
2 12
2 13
2 17
2 18
2 19
2 23
2 24
2 25
2 28
2 29
2 30
2 33
2 35
2 36
2 38
2 39
2 40
2 41
2 42
2 44
2 47
2 48
2 50
2 51
2 53
2 55
2 59
2 60
2 61
2 62
2 67
2 68
2 69
2 70
2 71
2 72
2 73
2 74
2 75
2 76
2 78
2 79
3 2
3 6
3 7
3 8
3 9
3 11
3 12
3 13
3 14
3 20
3 22
3 23
3 24
3 27
3 29
3 30
3 32
3 33
3 35
3 36
3 40
3 42
3 43
3 46
3 47
3 49
3 50
3 53
3 54
3 56
3 57
3 58
3 60
3 61
3 62
3 64
3 65
3 67
3 68
3 70
3 74
3 76
3 77
3 79
4 0
4 3
4 5
4 6
4 10
4 12
4 15
4 21
4 25
4 26
4 27
4 28
4 29
4 30
4 31
4 34
4 38
4 39
4 40
4 41
4 44
4 45
4 46
4 49
4 50
4 52
4 53
4 54
4 55
4 56
4 58
4 59
4 61
4 64
4 67
4 68
4 69
4 71
4 72
4 74
4 78
4 79
5 1
5 3
5 4
5 5
5 8
5 9
5 10
5 11
5 14
5 15
5 16
5 19
5 20
5 21
5 22
5 23
5 24
5 26
5 27
5 28
5 29
5 30
5 33
5 34
5 38
5 39
5 40
5 43
5 45
5 46
5 47
5 50
5 52
5 53
5 54
5 57
5 58
5 60
5 61
5 62
5 63
5 65
5 66
5 68
5 70
5 71
5 72
5 74
5 75
5 77
5 79
6 1
6 2
6 4
6 6
6 8
6 9
6 12
6 13
6 16
6 17
6 19
6 22
6 25
6 28
6 29
6 31
6 33
6 35
6 36
6 38
6 40
6 41
6 42
6 44
6 45
6 46
6 47
6 48
6 49
6 50
6 51
6 52
6 53
6 54
6 56
6 57
6 59
6 60
6 61
6 62
6 63
6 64
6 67
6 71
6 72
6 77
6 78
6 79
7 0
7 6
7 8
7 10
7 14
7 15
7 16
7 17
7 18
7 20
7 21
7 23
7 24
7 25
7 26
7 30
7 31
7 32
7 33
7 34
7 35
7 37
7 38
7 40
7 41
7 42
7 44
7 45
7 47
7 49
7 52
7 53
7 54
7 60
7 61
7 62
7 65
7 67
7 68
7 69
7 71
7 72
7 75
7 79
8 1
8 2
8 3
8 6
8 8
8 9
8 10
8 12
8 15
8 17
8 19
8 21
8 24
8 27
8 28
8 31
8 33
8 35
8 37
8 38
8 39
8 40
8 41
8 42
8 45
8 47
8 48
8 49
8 53
8 54
8 55
8 56
8 59
8 60
8 63
8 64
8 66
8 67
8 69
8 70
8 73
8 74
8 79
9 1
9 2
9 3
9 4
9 6
9 7
9 9
9 10
9 11
9 12
9 13
9 14
9 15
9 17
9 20
9 21
9 23
9 25
9 26
9 27
9 28
9 29
9 31
9 32
9 35
9 36
9 39
9 40
9 41
9 42
9 43
9 46
9 48
9 53
9 54
9 55
9 56
9 57
9 59
9 60
9 61
9 62
9 63
9 64
9 67
9 68
9 70
9 71
9 73
9 74
9 75
9 77
9 78
9 79
10 0
10 3
10 4
10 5
10 7
10 8
10 10
10 11
10 12
10 13
10 15
10 16
10 17
10 19
10 20
10 22
10 23
10 24
10 27
10 29
10 31
10 32
10 34
10 36
10 39
10 41
10 44
10 45
10 46
10 47
10 48
10 49
10 50
10 51
10 53
10 54
10 59
10 60
10 61
10 62
10 64
10 66
10 67
10 68
10 70
10 72
10 75
10 76
10 77
11 2
11 4
11 5
11 6
11 8
11 10
11 11
11 13
11 15
11 18
11 20
11 21
11 22
11 23
11 25
11 26
11 27
11 28
11 29
11 33
11 35
11 38
11 39
11 41
11 43
11 44
11 45
11 47
11 48
11 49
11 51
11 52
11 53
11 55
11 56
11 57
11 58
11 59
11 60
11 62
11 63
11 64
11 66
11 67
11 68
11 70
11 75
11 76
11 77
11 78
11 79
12 1
12 3
12 4
12 5
12 8
12 9
12 10
12 11
12 13
12 14
12 15
12 20
12 21
12 22
12 23
12 25
12 26
12 28
12 29
12 30
12 31
12 32
12 33
12 34
12 35
12 37
12 39
12 42
12 44
12 46
12 48
12 49
12 51
12 52
12 55
12 57
12 58
12 60
12 61
12 63
12 64
12 68
12 69
12 70
12 71
12 73
12 74
12 75
12 76
12 77
12 78
12 79
13 0
13 2
13 4
13 5
13 6
13 10
13 11
13 13
13 14
13 15
13 16
13 19
13 20
13 22
13 23
13 27
13 29
13 30
13 31
13 33
13 34
13 35
13 36
13 37
13 39
13 40
13 42
13 43
13 45
13 48
13 51
13 53
13 54
13 56
13 57
13 60
13 61
13 62
13 63
13 64
13 66
13 69
13 70
13 71
13 72
13 73
13 76
13 78
13 79
14 1
14 2
14 4
14 5
14 9
14 14
14 15
14 17
14 18
14 21
14 22
14 23
14 24
14 26
14 27
14 28
14 29
14 30
14 32
14 33
14 34
14 39
14 40
14 41
14 42
14 43
14 44
14 45
14 46
14 48
14 49
14 50
14 51
14 52
14 53
14 54
14 55
14 57
14 59
14 60
14 61
14 63
14 64
14 65
14 66
14 67
14 69
14 70
14 72
14 73
14 74
14 75
14 77
14 78
15 0
15 1
15 3
15 6
15 7
15 10
15 12
15 14
15 17
15 18
15 19
15 21
15 22
15 23
15 24
15 25
15 30
15 35
15 36
15 37
15 38
15 39
15 40
15 42
15 43
15 44
15 46
15 47
15 48
15 49
15 51
15 52
15 53
15 56
15 59
15 60
15 61
15 63
15 65
15 66
15 69
15 71
15 72
15 75
15 77
16 0
16 1
16 3
16 4
16 6
16 7
16 12
16 14
16 15
16 18
16 19
16 20
16 21
16 23
16 24
16 25
16 26
16 29
16 30
16 31
16 33
16 34
16 36
16 37
16 38
16 39
16 42
16 43
16 46
16 48
16 49
16 50
16 51
16 52
16 53
16 55
16 56
16 57
16 61
16 62
16 65
16 68
16 72
16 75
16 76
16 77
17 0
17 2
17 5
17 6
17 7
17 10
17 11
17 19
17 20
17 24
17 27
17 28
17 29
17 31
17 33
17 35
17 36
17 38
17 40
17 43
17 46
17 49
17 51
17 53
17 54
17 55
17 56
17 59
17 61
17 62
17 63
17 67
17 70
17 71
17 72
17 74
17 76
17 77
17 78
18 0
18 3
18 4
18 5
18 7
18 8
18 9
18 10
18 11
18 12
18 15
18 16
18 17
18 18
18 19
18 20
18 22
18 24
18 25
18 26
18 29
18 30
18 32
18 34
18 35
18 38
18 39
18 40
18 41
18 42
18 43
18 46
18 51
18 52
18 53
18 54
18 55
18 56
18 57
18 58
18 60
18 61
18 62
18 64
18 65
18 66
18 68
18 69
18 70
18 71
18 73
18 76
18 77
18 78
19 2
19 5
19 6
19 8
19 12
19 13
19 15
19 19
19 20
19 21
19 23
19 25
19 26
19 27
19 31
19 32
19 35
19 36
19 37
19 38
19 39
19 40
19 41
19 44
19 46
19 47
19 50
19 53
19 55
19 57
19 60
19 62
19 66
19 70
19 71
19 73
19 76
19 77
19 78
19 79
20 1
20 2
20 3
20 4
20 5
20 6
20 10
20 12
20 13
20 14
20 15
20 16
20 17
20 18
20 19
20 21
20 24
20 25
20 27
20 28
20 29
20 30
20 32
20 34
20 36
20 37
20 38
20 39
20 41
20 44
20 45
20 49
20 50
20 52
20 53
20 54
20 55
20 57
20 59
20 60
20 62
20 63
20 66
20 67
20 69
20 71
20 72
20 73
20 74
20 75
20 78
21 0
21 1
21 2
21 7
21 9
21 11
21 12
21 13
21 16
21 17
21 18
21 19
21 22
21 23
21 24
21 25
21 26
21 27
21 30
21 33
21 34
21 35
21 37
21 38
21 43
21 45
21 47
21 49
21 50
21 51
21 54
21 58
21 59
21 60
21 61
21 62
21 63
21 66
21 68
21 69
21 70
21 71
21 78
21 79
22 4
22 7
22 9
22 12
22 14
22 15
22 18
22 21
22 24
22 27
22 28
22 29
22 30
22 32
22 33
22 34
22 37
22 38
22 40
22 42
22 46
22 47
22 48
22 49
22 50
22 51
22 52
22 53
22 54
22 55
22 59
22 60
22 61
22 63
22 64
22 71
22 72
22 73
22 74
22 77
22 78
23 1
23 2
23 4
23 5
23 6
23 10
23 11
23 12
23 13
23 14
23 17
23 19
23 21
23 22
23 23
23 24
23 25
23 26
23 27
23 28
23 29
23 30
23 32
23 34
23 35
23 36
23 37
23 39
23 40
23 42
23 43
23 45
23 46
23 47
23 49
23 52
23 53
23 54
23 55
23 56
23 58
23 59
23 61
23 64
23 65
23 68
23 69
23 70
23 71
23 72
23 74
23 75
23 76
23 77
23 78
23 79
24 1
24 2
24 3
24 4
24 5
24 8
24 9
24 10
24 13
24 14
24 16
24 17
24 19
24 20
24 21
24 22
24 23
24 24
24 25
24 27
24 28
24 30
24 31
24 33
24 35
24 38
24 43
24 45
24 49
24 53
24 55
24 56
24 57
24 59
24 60
24 62
24 63
24 65
24 66
24 67
24 68
24 69
24 70
24 71
24 72
24 73
24 74
24 77
24 79
25 0
25 1
25 2
25 5
25 8
25 9
25 10
25 13
25 15
25 16
25 17
25 19
25 24
25 31
25 32
25 33
25 34
25 35
25 36
25 39
25 43
25 45
25 50
25 51
25 52
25 53
25 54
25 57
25 58
25 59
25 60
25 61
25 62
25 64
25 65
25 66
25 70
25 71
25 72
25 73
25 74
25 77
26 0
26 1
26 2
26 3
26 4
26 8
26 10
26 11
26 12
26 13
26 15
26 16
26 18
26 20
26 21
26 22
26 23
26 24
26 26
26 27
26 28
26 29
26 30
26 32
26 33
26 34
26 36
26 38
26 41
26 42
26 43
26 46
26 47
26 48
26 49
26 50
26 52
26 53
26 55
26 56
26 58
26 59
26 61
26 63
26 64
26 65
26 67
26 70
26 71
26 73
26 76
26 78
27 0
27 1
27 2
27 4
27 6
27 7
27 8
27 10
27 12
27 13
27 14
27 15
27 17
27 18
27 19
27 20
27 22
27 23
27 24
27 25
27 26
27 27
27 28
27 29
27 30
27 31
27 32
27 34
27 35
27 36
27 38
27 39
27 40
27 41
27 42
27 43
27 44
27 45
27 47
27 48
27 50
27 51
27 52
27 53
27 54
27 56
27 58
27 59
27 62
27 63
27 64
27 65
27 66
27 67
27 68
27 71
27 72
27 73
27 75
27 76
27 78
28 2
28 3
28 4
28 5
28 7
28 8
28 9
28 10
28 12
28 13
28 15
28 16
28 18
28 19
28 20
28 21
28 22
28 23
28 26
28 27
28 30
28 31
28 32
28 33
28 34
28 35
28 36
28 38
28 41
28 42
28 44
28 47
28 48
28 49
28 50
28 51
28 54
28 56
28 57
28 59
28 60
28 62
28 64
28 65
28 66
28 70
28 71
28 74
28 76
28 77
28 78
29 0
29 2
29 4
29 5
29 6
29 7
29 8
29 9
29 10
29 11
29 12
29 14
29 15
29 16
29 18
29 19
29 20
29 21
29 22
29 23
29 24
29 27
29 28
29 30
29 31
29 32
29 33
29 34
29 35
29 37
29 38
29 39
29 40
29 41
29 43
29 46
29 47
29 50
29 52
29 55
29 59
29 60
29 61
29 62
29 63
29 65
29 68
29 71
29 72
29 73
29 74
29 76
30 0
30 1
30 6
30 7
30 9
30 10
30 13
30 14
30 15
30 17
30 19
30 20
30 24
30 25
30 27
30 30
30 32
30 34
30 36
30 39
30 41
30 42
30 43
30 44
30 45
30 49
30 53
30 54
30 55
30 56
30 58
30 59
30 61
30 62
30 63
30 65
30 67
30 68
30 69
30 73
30 75
30 76
30 77
30 78
30 79
31 1
31 2
31 3
31 4
31 6
31 8
31 9
31 10
31 11
31 13
31 15
31 16
31 17
31 19
31 20
31 21
31 22
31 23
31 24
31 25
31 26
31 27
31 29
31 31
31 33
31 37
31 38
31 43
31 46
31 47
31 48
31 49
31 50
31 51
31 52
31 53
31 54
31 57
31 58
31 59
31 60
31 61
31 63
31 64
31 65
31 67
31 68
31 70
31 71
31 72
31 73
31 75
31 76
31 77
31 79
32 0
32 3
32 5
32 6
32 7
32 11
32 13
32 15
32 16
32 19
32 22
32 24
32 25
32 27
32 30
32 31
32 33
32 34
32 35
32 37
32 39
32 40
32 41
32 42
32 43
32 44
32 45
32 47
32 48
32 49
32 50
32 51
32 52
32 53
32 57
32 59
32 60
32 61
32 62
32 63
32 66
32 67
32 69
32 70
32 71
32 72
32 73
32 74
32 76
32 77
32 78
32 79
33 0
33 1
33 2
33 4
33 5
33 6
33 10
33 11
33 12
33 13
33 14
33 15
33 17
33 18
33 21
33 22
33 23
33 25
33 26
33 27
33 29
33 30
33 31
33 32
33 33
33 34
33 37
33 40
33 43
33 45
33 46
33 49
33 50
33 51
33 52
33 54
33 55
33 57
33 58
33 60
33 61
33 63
33 64
33 65
33 66
33 67
33 69
33 70
33 71
33 73
33 74
33 76
33 77
33 79
34 0
34 2
34 3
34 4
34 5
34 6
34 7
34 9
34 10
34 12
34 13
34 14
34 15
34 16
34 17
34 20
34 21
34 23
34 24
34 25
34 26
34 27
34 29
34 32
34 34
34 35
34 36
34 40
34 41
34 42
34 43
34 44
34 46
34 49
34 50
34 51
34 52
34 55
34 57
34 59
34 60
34 61
34 62
34 63
34 64
34 65
34 67
34 68
34 69
34 70
34 71
34 73
34 74
34 75
34 76
34 78
34 79
35 0
35 1
35 2
35 3
35 4
35 5
35 6
35 7
35 9
35 10
35 12
35 13
35 15
35 16
35 17
35 19
35 20
35 21
35 23
35 24
35 25
35 26
35 27
35 28
35 31
35 33
35 35
35 36
35 37
35 40
35 41
35 44
35 45
35 46
35 50
35 51
35 53
35 55
35 57
35 59
35 60
35 61
35 62
35 64
35 66
35 68
35 72
35 78
36 0
36 1
36 2
36 4
36 5
36 6
36 7
36 9
36 12
36 13
36 14
36 16
36 17
36 20
36 24
36 25
36 26
36 27
36 29
36 30
36 33
36 34
36 35
36 36
36 37
36 38
36 39
36 40
36 43
36 44
36 45
36 46
36 47
36 49
36 50
36 51
36 52
36 53
36 54
36 55
36 57
36 58
36 61
36 63
36 66
36 67
36 68
36 69
36 70
36 71
36 75
36 76
36 77
36 78
36 79
37 5
37 7
37 8
37 11
37 12
37 13
37 15
37 16
37 17
37 18
37 19
37 20
37 22
37 24
37 25
37 26
37 27
37 28
37 29
37 30
37 33
37 34
37 35
37 36
37 37
37 38
37 39
37 41
37 42
37 43
37 44
37 45
37 46
37 48
37 49
37 50
37 51
37 52
37 56
37 59
37 61
37 64
37 65
37 68
37 69
37 71
37 72
37 74
37 75
38 0
38 1
38 2
38 3
38 4
38 6
38 9
38 10
38 12
38 15
38 16
38 17
38 19
38 21
38 23
38 24
38 26
38 27
38 28
38 29
38 30
38 33
38 34
38 37
38 38
38 40
38 41
38 42
38 43
38 44
38 46
38 47
38 48
38 49
38 50
38 51
38 53
38 54
38 55
38 56
38 58
38 59
38 60
38 62
38 64
38 66
38 67
38 69
38 70
38 71
38 72
38 73
38 74
38 79
39 2
39 3
39 5
39 6
39 7
39 8
39 9
39 10
39 11
39 12
39 13
39 16
39 18
39 19
39 21
39 22
39 23
39 24
39 25
39 26
39 27
39 28
39 29
39 30
39 32
39 33
39 35
39 36
39 37
39 38
39 40
39 41
39 42
39 43
39 45
39 48
39 49
39 50
39 51
39 52
39 53
39 54
39 55
39 56
39 57
39 58
39 60
39 61
39 62
39 65
39 66
39 67
39 71
39 73
39 74
39 75
39 76
39 77
39 78
40 0
40 1
40 3
40 4
40 7
40 9
40 11
40 13
40 14
40 15
40 16
40 17
40 18
40 19
40 21
40 23
40 24
40 25
40 26
40 27
40 31
40 32
40 33
40 34
40 35
40 36
40 39
40 40
40 42
40 43
40 44
40 45
40 46
40 47
40 48
40 50
40 51
40 52
40 53
40 56
40 57
40 59
40 60
40 63
40 64
40 65
40 66
40 67
40 69
40 70
40 72
40 73
40 75
40 78
41 0
41 2
41 3
41 6
41 7
41 8
41 9
41 10
41 11
41 12
41 13
41 14
41 16
41 17
41 18
41 19
41 20
41 21
41 23
41 26
41 27
41 29
41 30
41 31
41 32
41 33
41 34
41 35
41 37
41 39
41 43
41 44
41 47
41 49
41 51
41 52
41 53
41 54
41 55
41 56
41 58
41 60
41 61
41 62
41 63
41 64
41 65
41 68
41 69
41 70
41 73
41 77
41 78
41 79
42 3
42 5
42 7
42 8
42 10
42 11
42 12
42 13
42 14
42 15
42 17
42 19
42 20
42 21
42 22
42 25
42 34
42 35
42 37
42 40
42 41
42 42
42 43
42 44
42 47
42 48
42 53
42 54
42 57
42 58
42 61
42 62
42 63
42 67
42 68
42 70
42 71
42 73
42 76
42 77
42 79
43 0
43 1
43 3
43 4
43 6
43 7
43 8
43 9
43 10
43 11
43 16
43 20
43 22
43 24
43 26
43 28
43 29
43 30
43 32
43 33
43 34
43 37
43 38
43 41
43 42
43 43
43 44
43 46
43 48
43 49
43 51
43 54
43 57
43 58
43 60
43 61
43 62
43 63
43 64
43 65
43 66
43 67
43 68
43 70
43 71
43 72
43 73
43 74
43 77
43 78
44 0
44 1
44 2
44 3
44 4
44 5
44 7
44 8
44 10
44 11
44 15
44 19
44 20
44 23
44 25
44 28
44 31
44 32
44 34
44 35
44 37
44 38
44 39
44 40
44 41
44 44
44 45
44 47
44 51
44 52
44 53
44 56
44 58
44 59
44 60
44 64
44 67
44 68
44 69
44 70
44 71
44 75
44 76
44 78
44 79
45 0
45 2
45 3
45 4
45 8
45 9
45 10
45 12
45 14
45 15
45 16
45 17
45 19
45 21
45 23
45 24
45 27
45 29
45 30
45 31
45 33
45 34
45 35
45 36
45 38
45 39
45 41
45 42
45 43
45 44
45 46
45 48
45 49
45 54
45 55
45 56
45 57
45 58
45 60
45 62
45 65
45 67
45 70
45 71
45 72
45 74
45 75
45 76
45 77
45 79
46 0
46 1
46 3
46 4
46 5
46 7
46 8
46 9
46 18
46 23
46 25
46 26
46 27
46 30
46 31
46 35
46 38
46 39
46 40
46 41
46 43
46 44
46 45
46 46
46 51
46 53
46 54
46 56
46 57
46 58
46 59
46 60
46 61
46 62
46 64
46 66
46 68
46 69
46 73
46 76
46 77
46 78
47 0
47 4
47 5
47 6
47 7
47 8
47 10
47 11
47 12
47 14
47 17
47 20
47 22
47 23
47 25
47 26
47 29
47 31
47 33
47 34
47 35
47 36
47 37
47 38
47 39
47 40
47 41
47 42
47 43
47 44
47 46
47 47
47 50
47 51
47 52
47 56
47 57
47 58
47 59
47 60
47 61
47 62
47 69
47 71
47 72
47 75
47 77
47 78
47 79
48 0
48 1
48 2
48 3
48 5
48 8
48 9
48 11
48 13
48 14
48 16
48 20
48 22
48 24
48 25
48 30
48 32
48 36
48 37
48 38
48 39
48 41
48 42
48 45
48 46
48 47
48 50
48 51
48 54
48 55
48 56
48 59
48 61
48 64
48 65
48 67
48 68
48 71
48 73
48 74
48 76
48 77
48 78
48 79
49 1
49 5
49 7
49 8
49 9
49 10
49 11
49 12
49 15
49 17
49 18
49 19
49 21
49 22
49 23
49 25
49 29
49 31
49 32
49 34
49 36
49 37
49 39
49 41
49 42
49 44
49 45
49 46
49 47
49 49
49 51
49 52
49 53
49 57
49 58
49 59
49 60
49 62
49 63
49 64
49 65
49 66
49 67
49 69
49 70
49 72
49 73
49 74
49 75
49 77
49 78
49 79
50 1
50 2
50 4
50 5
50 9
50 10
50 11
50 12
50 13
50 15
50 18
50 20
50 21
50 22
50 24
50 25
50 26
50 30
50 33
50 34
50 36
50 37
50 39
50 40
50 41
50 42
50 43
50 48
50 51
50 52
50 54
50 56
50 57
50 58
50 59
50 60
50 62
50 65
50 66
50 67
50 68
50 69
50 70
50 72
50 73
50 74
50 75
50 78
50 79
51 0
51 1
51 2
51 4
51 5
51 6
51 8
51 9
51 10
51 11
51 12
51 14
51 15
51 17
51 19
51 20
51 21
51 24
51 25
51 26
51 28
51 29
51 30
51 31
51 32
51 33
51 37
51 38
51 39
51 40
51 41
51 43
51 45
51 46
51 48
51 49
51 51
51 53
51 55
51 57
51 58
51 60
51 62
51 63
51 65
51 68
51 70
51 72
51 73
51 74
51 77
51 78
51 79
52 0
52 1
52 3
52 5
52 6
52 9
52 11
52 12
52 14
52 17
52 20
52 23
52 24
52 25
52 27
52 28
52 29
52 30
52 31
52 32
52 33
52 35
52 36
52 37
52 38
52 39
52 40
52 42
52 45
52 50
52 51
52 54
52 55
52 56
52 57
52 59
52 60
52 65
52 67
52 68
52 69
52 71
52 73
52 77
52 78
52 79
53 0
53 2
53 3
53 4
53 5
53 6
53 7
53 10
53 11
53 12
53 13
53 14
53 15
53 16
53 18
53 19
53 21
53 22
53 24
53 25
53 26
53 27
53 28
53 29
53 32
53 33
53 34
53 37
53 39
53 40
53 41
53 43
53 44
53 45
53 48
53 49
53 51
53 53
53 54
53 56
53 57
53 58
53 59
53 61
53 63
53 64
53 66
53 69
53 70
53 71
53 72
53 73
53 74
53 75
53 76
53 77
53 78
53 79
54 0
54 1
54 2
54 3
54 5
54 6
54 7
54 10
54 11
54 12
54 15
54 16
54 18
54 19
54 20
54 22
54 23
54 25
54 26
54 28
54 29
54 30
54 31
54 32
54 34
54 35
54 37
54 39
54 40
54 41
54 42
54 44
54 45
54 46
54 47
54 48
54 49
54 51
54 52
54 54
54 56
54 57
54 59
54 60
54 61
54 62
54 64
54 65
54 66
54 69
54 70
54 72
54 73
54 74
54 75
54 77
54 79
55 1
55 3
55 7
55 8
55 10
55 15
55 16
55 17
55 18
55 19
55 20
55 22
55 25
55 26
55 27
55 28
55 29
55 31
55 33
55 34
55 37
55 42
55 43
55 44
55 45
55 46
55 47
55 48
55 52
55 53
55 55
55 56
55 57
55 58
55 60
55 62
55 65
55 66
55 67
55 69
55 70
55 73
55 74
55 76
55 77
55 78
55 79
56 2
56 6
56 7
56 9
56 10
56 11
56 12
56 13
56 17
56 19
56 21
56 22
56 23
56 24
56 25
56 26
56 27
56 29
56 31
56 33
56 34
56 35
56 36
56 38
56 39
56 40
56 44
56 47
56 48
56 49
56 50
56 51
56 52
56 53
56 55
56 56
56 57
56 60
56 61
56 63
56 64
56 65
56 66
56 68
56 70
56 71
56 72
56 73
56 79
57 1
57 3
57 7
57 9
57 10
57 12
57 13
57 15
57 17
57 18
57 20
57 21
57 22
57 24
57 26
57 28
57 32
57 33
57 35
57 40
57 43
57 44
57 45
57 46
57 48
57 49
57 51
57 52
57 53
57 54
57 55
57 56
57 58
57 59
57 60
57 61
57 63
57 65
57 66
57 67
57 68
57 69
57 70
57 71
57 72
57 73
57 74
57 75
57 77
58 0
58 2
58 3
58 5
58 8
58 9
58 12
58 15
58 17
58 20
58 21
58 24
58 28
58 29
58 31
58 32
58 34
58 35
58 36
58 37
58 40
58 41
58 43
58 45
58 47
58 50
58 52
58 53
58 54
58 55
58 56
58 57
58 64
58 65
58 66
58 67
58 68
58 69
58 70
58 72
58 73
58 74
58 78
58 79
59 0
59 1
59 3
59 7
59 8
59 9
59 10
59 11
59 12
59 14
59 15
59 16
59 17
59 18
59 20
59 21
59 24
59 25
59 27
59 28
59 29
59 31
59 32
59 33
59 35
59 37
59 38
59 39
59 40
59 44
59 45
59 46
59 48
59 49
59 52
59 54
59 56
59 57
59 59
59 61
59 62
59 65
59 67
59 68
59 69
59 70
59 71
59 72
59 73
59 77
59 78
59 79
60 0
60 2
60 4
60 5
60 6
60 7
60 8
60 10
60 11
60 12
60 14
60 16
60 17
60 20
60 22
60 23
60 24
60 25
60 27
60 29
60 30
60 32
60 34
60 36
60 37
60 38
60 39
60 40
60 42
60 43
60 45
60 46
60 48
60 50
60 51
60 56
60 57
60 59
60 66
60 67
60 68
60 70
60 71
60 72
60 75
60 76
60 77
60 78
60 79
61 0
61 1
61 4
61 5
61 8
61 9
61 10
61 12
61 14
61 16
61 20
61 21
61 22
61 23
61 25
61 27
61 28
61 29
61 31
61 34
61 35
61 36
61 38
61 40
61 41
61 42
61 44
61 45
61 46
61 47
61 50
61 53
61 54
61 55
61 56
61 57
61 59
61 61
61 62
61 64
61 65
61 68
61 69
61 71
61 72
61 73
61 74
61 76
62 0
62 1
62 4
62 5
62 9
62 10
62 11
62 12
62 13
62 14
62 15
62 16
62 18
62 19
62 20
62 23
62 25
62 27
62 29
62 30
62 31
62 32
62 34
62 36
62 37
62 38
62 40
62 41
62 43
62 45
62 47
62 56
62 57
62 58
62 59
62 61
62 62
62 63
62 64
62 65
62 67
62 69
62 72
62 73
62 74
62 75
62 76
62 78
63 1
63 3
63 4
63 5
63 6
63 7
63 8
63 10
63 11
63 14
63 17
63 18
63 20
63 21
63 23
63 25
63 28
63 29
63 30
63 31
63 32
63 33
63 34
63 36
63 37
63 38
63 40
63 42
63 43
63 44
63 45
63 46
63 47
63 49
63 50
63 52
63 56
63 57
63 58
63 59
63 60
63 62
63 63
63 64
63 65
63 66
63 67
63 68
63 70
63 71
63 72
63 73
63 74
63 75
63 76
63 77
63 78
64 3
64 5
64 8
64 9
64 10
64 11
64 12
64 14
64 15
64 17
64 18
64 19
64 21
64 22
64 23
64 26
64 28
64 31
64 32
64 34
64 35
64 37
64 38
64 39
64 40
64 42
64 43
64 44
64 47
64 48
64 49
64 54
64 57
64 58
64 60
64 62
64 63
64 64
64 65
64 66
64 67
64 68
64 70
64 71
64 72
64 74
64 75
64 77
64 78
64 79
65 1
65 2
65 4
65 5
65 6
65 7
65 15
65 18
65 24
65 26
65 27
65 29
65 30
65 34
65 38
65 43
65 46
65 48
65 50
65 52
65 53
65 54
65 55
65 56
65 57
65 58
65 59
65 60
65 62
65 63
65 64
65 67
65 68
65 69
65 70
65 71
65 73
65 74
65 76
65 79
66 0
66 1
66 3
66 7
66 8
66 9
66 10
66 12
66 14
66 16
66 17
66 18
66 19
66 20
66 21
66 22
66 24
66 25
66 26
66 27
66 28
66 29
66 30
66 31
66 36
66 37
66 39
66 40
66 41
66 42
66 44
66 48
66 53
66 55
66 56
66 57
66 59
66 60
66 61
66 63
66 64
66 65
66 66
66 69
66 70
66 71
66 72
66 73
66 75
66 79
67 0
67 2
67 3
67 4
67 5
67 7
67 8
67 9
67 10
67 11
67 15
67 17
67 18
67 19
67 20
67 22
67 23
67 26
67 28
67 29
67 32
67 33
67 34
67 35
67 37
67 38
67 39
67 42
67 44
67 45
67 46
67 49
67 50
67 52
67 53
67 54
67 55
67 59
67 60
67 61
67 62
67 64
67 66
67 68
67 69
67 70
67 71
67 72
67 73
67 74
67 75
67 76
67 79
68 0
68 1
68 3
68 4
68 5
68 6
68 7
68 8
68 9
68 13
68 14
68 15
68 16
68 17
68 18
68 19
68 20
68 21
68 23
68 24
68 26
68 34
68 37
68 38
68 39
68 41
68 42
68 43
68 44
68 46
68 48
68 49
68 51
68 52
68 53
68 54
68 55
68 57
68 58
68 60
68 63
68 64
68 65
68 66
68 67
68 68
68 69
68 70
68 71
68 72
68 73
68 74
68 75
68 76
68 77
68 78
68 79
69 0
69 1
69 3
69 4
69 8
69 9
69 12
69 14
69 15
69 16
69 18
69 19
69 20
69 21
69 23
69 25
69 26
69 28
69 29
69 30
69 31
69 32
69 35
69 37
69 43
69 45
69 46
69 47
69 48
69 50
69 51
69 55
69 57
69 61
69 62
69 63
69 64
69 65
69 67
69 68
69 69
69 71
69 72
69 74
69 76
69 79
70 1
70 2
70 5
70 6
70 8
70 9
70 10
70 11
70 12
70 15
70 17
70 19
70 20
70 21
70 24
70 25
70 26
70 27
70 28
70 29
70 30
70 31
70 32
70 35
70 36
70 37
70 39
70 40
70 41
70 43
70 45
70 46
70 47
70 48
70 49
70 52
70 53
70 55
70 56
70 59
70 61
70 63
70 65
70 66
70 68
70 69
70 70
70 71
70 72
70 74
70 75
71 0
71 3
71 8
71 10
71 11
71 12
71 13
71 17
71 18
71 19
71 22
71 23
71 25
71 27
71 28
71 30
71 35
71 36
71 37
71 38
71 39
71 40
71 41
71 42
71 48
71 53
71 54
71 55
71 56
71 58
71 59
71 60
71 61
71 64
71 69
71 72
71 75
71 76
71 77
72 0
72 2
72 3
72 5
72 6
72 7
72 8
72 9
72 10
72 12
72 13
72 15
72 17
72 19
72 22
72 25
72 26
72 27
72 30
72 32
72 35
72 36
72 37
72 39
72 41
72 43
72 44
72 47
72 50
72 52
72 53
72 54
72 58
72 62
72 64
72 65
72 67
72 71
72 75
72 76
72 77
72 79
73 1
73 2
73 3
73 6
73 7
73 8
73 9
73 13
73 14
73 15
73 19
73 20
73 21
73 22
73 27
73 28
73 29
73 30
73 31
73 35
73 36
73 37
73 38
73 39
73 40
73 41
73 42
73 43
73 44
73 45
73 46
73 48
73 49
73 50
73 56
73 57
73 58
73 59
73 60
73 72
73 73
73 75
73 76
73 77
74 1
74 4
74 5
74 7
74 8
74 9
74 11
74 13
74 17
74 18
74 21
74 23
74 24
74 25
74 29
74 30
74 31
74 34
74 35
74 36
74 38
74 40
74 41
74 45
74 46
74 47
74 49
74 50
74 51
74 52
74 53
74 55
74 56
74 58
74 59
74 60
74 61
74 63
74 64
74 66
74 67
74 68
74 69
74 70
74 72
74 73
74 74
74 75
74 77
74 78
74 79
75 0
75 4
75 5
75 6
75 8
75 10
75 11
75 12
75 13
75 14
75 15
75 16
75 18
75 22
75 23
75 24
75 25
75 29
75 31
75 32
75 36
75 37
75 38
75 40
75 41
75 46
75 47
75 49
75 50
75 52
75 53
75 54
75 55
75 56
75 57
75 58
75 59
75 66
75 68
75 70
75 71
75 72
75 73
75 76
75 78
75 79
76 0
76 1
76 3
76 4
76 7
76 12
76 13
76 14
76 15
76 16
76 18
76 19
76 21
76 22
76 28
76 29
76 32
76 37
76 38
76 39
76 40
76 43
76 44
76 47
76 48
76 50
76 51
76 52
76 54
76 55
76 56
76 58
76 59
76 60
76 62
76 64
76 66
76 67
76 71
76 72
76 73
76 74
76 77
77 0
77 1
77 4
77 6
77 7
77 8
77 9
77 12
77 16
77 17
77 20
77 23
77 25
77 29
77 30
77 32
77 37
77 39
77 40
77 41
77 42
77 43
77 44
77 46
77 47
77 49
77 51
77 52
77 53
77 55
77 56
77 57
77 59
77 61
77 66
77 68
77 69
77 70
77 71
77 73
77 74
77 76
77 77
77 79
78 0
78 1
78 3
78 9
78 10
78 11
78 12
78 13
78 15
78 18
78 19
78 21
78 23
78 24
78 25
78 26
78 28
78 29
78 30
78 31
78 32
78 33
78 34
78 35
78 39
78 40
78 43
78 44
78 45
78 46
78 47
78 48
78 50
78 52
78 54
78 55
78 57
78 58
78 60
78 63
78 64
78 66
78 67
78 69
78 70
78 72
78 77
79 0
79 1
79 3
79 4
79 5
79 6
79 7
79 10
79 14
79 16
79 17
79 18
79 19
79 20
79 23
79 25
79 28
79 29
79 30
79 31
79 32
79 35
79 36
79 38
79 39
79 41
79 43
79 44
79 46
79 47
79 48
79 49
79 50
79 51
79 52
79 53
79 54
79 55
79 56
79 58
79 60
79 63
79 65
79 68
79 69
79 72
79 74
79 75
79 77
