0 20
0 21
0 24
0 27
0 29
0 53
0 55
0 56
0 59
0 60
0 61
0 64
0 70
0 72
0 73
0 78
1 1
1 10
1 20
1 21
1 22
1 26
1 30
1 33
1 35
1 40
1 42
1 45
1 46
1 47
1 51
1 52
1 61
1 63
1 65
1 69
1 70
1 78
2 4
2 12
2 16
2 22
2 36
2 41
2 45
2 47
2 50
2 58
2 60
2 64
2 71
3 3
3 4
3 12
3 13
3 17
3 18
3 22
3 25
3 29
3 35
3 38
3 55
3 57
3 65
3 72
3 78
4 8
4 12
4 16
4 20
4 22
4 28
4 29
4 30
4 33
4 45
4 49
4 54
4 61
4 63
4 72
4 77
5 7
5 19
5 23
5 34
5 35
5 45
5 48
5 66
5 70
5 73
5 75
5 79
6 1
6 4
6 11
6 15
6 18
6 20
6 27
6 28
6 29
6 32
6 36
6 44
6 58
6 69
6 70
6 75
7 2
7 3
7 6
7 7
7 10
7 14
7 15
7 17
7 23
7 24
7 25
7 26
7 27
7 31
7 38
7 39
7 40
7 49
7 53
7 59
8 3
8 12
8 15
8 22
8 30
8 33
8 39
8 41
8 48
8 55
8 59
8 61
8 66
8 71
8 73
9 6
9 9
9 18
9 19
9 22
9 23
9 30
9 34
9 40
9 49
9 51
9 53
9 58
9 62
9 72
9 73
9 77
10 0
10 2
10 12
10 21
10 22
10 23
10 36
10 43
10 51
10 58
10 60
10 62
10 74
10 77
10 78
10 79
11 3
11 9
11 18
11 20
11 21
11 32
11 33
11 34
11 35
11 38
11 46
11 49
11 53
11 56
11 58
11 69
11 73
11 77
12 2
12 10
12 13
12 22
12 26
12 29
12 35
12 41
12 46
12 51
12 56
12 64
12 67
12 68
12 77
12 78
12 79
13 3
13 11
13 28
13 31
13 40
13 51
13 58
13 60
13 61
13 63
13 74
13 77
14 6
14 8
14 11
14 19
14 23
14 26
14 28
14 36
14 38
14 50
14 54
14 59
14 61
14 66
14 70
14 72
14 76
14 79
15 3
15 8
15 9
15 10
15 11
15 16
15 19
15 37
15 38
15 43
15 46
15 48
15 60
15 63
15 65
15 66
15 69
15 72
15 76
16 20
16 27
16 28
16 42
16 43
16 46
16 52
16 67
16 69
16 75
16 79
17 6
17 8
17 10
17 11
17 16
17 17
17 20
17 27
17 32
17 40
17 41
17 46
17 58
17 60
18 14
18 17
18 23
18 30
18 46
18 56
18 57
18 59
18 70
18 77
19 21
19 34
19 36
19 37
19 48
19 55
19 56
19 60
19 63
19 64
19 68
19 77
19 79
20 3
20 5
20 8
20 15
20 16
20 31
20 39
20 43
20 50
20 63
20 66
20 69
20 73
20 77
21 2
21 11
21 16
21 21
21 31
21 38
21 48
21 60
21 64
21 66
21 77
22 3
22 7
22 26
22 30
22 33
22 35
22 36
22 38
22 39
22 42
22 47
22 58
22 61
22 63
22 79
23 0
23 3
23 11
23 17
23 30
23 39
23 41
23 45
23 48
23 50
23 54
23 58
23 60
23 71
23 74
23 75
24 1
24 2
24 3
24 5
24 12
24 19
24 22
24 30
24 34
24 45
24 46
24 60
24 66
24 67
24 70
24 74
25 25
25 30
25 34
25 35
25 36
25 37
25 41
25 44
25 47
25 48
25 52
25 61
25 66
25 67
25 68
25 72
25 73
25 75
26 0
26 12
26 14
26 17
26 18
26 26
26 32
26 36
26 41
26 45
26 47
26 50
26 52
26 53
26 54
26 58
26 62
26 70
26 71
27 0
27 2
27 4
27 5
27 17
27 19
27 42
27 43
27 51
27 55
27 60
27 66
28 0
28 3
28 6
28 7
28 8
28 17
28 22
28 26
28 27
28 30
28 36
28 39
28 62
28 65
28 70
28 72
28 74
28 79
29 13
29 19
29 20
29 21
29 28
29 31
29 35
29 39
29 49
29 60
29 69
29 76
30 4
30 8
30 27
30 28
30 46
30 48
30 50
30 51
30 60
30 72
31 15
31 17
31 32
31 33
31 34
31 36
31 45
31 47
31 49
31 57
31 59
31 61
32 9
32 10
32 13
32 22
32 23
32 33
32 35
32 40
32 45
32 67
32 70
32 72
33 5
33 10
33 11
33 18
33 26
33 28
33 31
33 33
33 38
33 40
33 44
33 45
33 46
33 50
33 53
33 55
33 68
33 69
33 72
33 74
33 76
33 78
33 79
34 5
34 9
34 14
34 15
34 16
34 17
34 25
34 37
34 39
34 41
34 42
34 44
34 50
34 51
34 60
34 65
34 68
34 74
34 76
34 79
35 9
35 10
35 17
35 19
35 22
35 25
35 26
35 31
35 43
35 48
35 53
35 60
35 61
35 66
35 76
36 17
36 18
36 23
36 33
36 35
36 43
36 47
36 53
36 54
36 57
36 63
36 65
36 76
37 2
37 9
37 14
37 17
37 22
37 32
37 47
37 49
37 55
37 64
37 72
37 75
37 78
38 0
38 8
38 10
38 11
38 13
38 19
38 24
38 37
38 40
38 41
38 53
38 58
38 66
38 67
38 70
38 72
38 77
39 4
39 8
39 21
39 23
39 26
39 30
39 32
39 33
39 36
39 41
39 42
39 44
39 49
39 50
39 67
39 71
39 74
39 79
40 1
40 12
40 14
40 22
40 24
40 34
40 39
40 41
40 44
40 50
40 57
40 68
40 75
40 77
40 78
41 5
41 12
41 22
41 33
41 38
41 40
41 51
41 53
41 57
41 69
41 70
42 1
42 2
42 15
42 20
42 21
42 32
42 39
42 52
42 56
42 60
42 72
42 77
43 2
43 16
43 22
43 30
43 34
43 45
43 46
43 48
43 56
43 59
43 61
43 64
43 68
43 70
43 73
43 75
43 79
44 0
44 8
44 10
44 14
44 16
44 18
44 21
44 23
44 31
44 33
44 38
44 44
44 54
44 59
44 75
44 78
45 1
45 2
45 4
45 7
45 12
45 13
45 24
45 30
45 32
45 39
45 42
45 44
45 46
45 47
45 55
45 59
45 67
45 70
45 75
46 1
46 9
46 14
46 15
46 28
46 31
46 35
46 43
46 44
46 47
46 49
46 52
46 54
46 72
46 73
46 76
47 1
47 2
47 5
47 11
47 19
47 32
47 33
47 41
47 59
47 64
47 78
48 4
48 18
48 23
48 25
48 33
48 36
48 39
48 47
48 49
48 50
48 51
48 62
48 70
48 72
49 6
49 7
49 19
49 20
49 30
49 36
49 38
49 50
49 52
49 57
49 60
49 67
49 68
49 72
49 77
50 2
50 3
50 6
50 9
50 20
50 22
50 23
50 30
50 45
50 53
50 56
50 59
50 60
50 61
50 68
50 69
51 0
51 3
51 17
51 23
51 29
51 37
51 46
51 71
51 73
51 78
52 4
52 14
52 15
52 17
52 28
52 30
52 34
52 36
52 39
52 58
52 67
53 0
53 1
53 4
53 6
53 7
53 12
53 13
53 14
53 23
53 24
53 31
53 36
53 40
53 44
53 51
53 55
53 71
53 72
53 79
54 5
54 17
54 20
54 24
54 31
54 32
54 33
54 41
54 44
54 46
54 54
54 59
54 61
55 11
55 12
55 17
55 20
55 22
55 23
55 25
55 26
55 33
55 35
55 38
55 40
55 49
55 50
55 55
55 60
55 61
55 70
55 76
56 5
56 11
56 19
56 22
56 24
56 31
56 33
56 40
56 51
56 52
56 54
56 60
56 69
57 0
57 5
57 6
57 13
57 20
57 32
57 36
57 42
57 43
57 44
57 47
57 50
57 56
57 58
57 59
57 64
57 79
58 5
58 21
58 24
58 26
58 28
58 34
58 45
58 49
58 56
58 76
59 5
59 6
59 17
59 23
59 26
59 27
59 38
59 49
59 56
59 58
59 62
59 70
59 74
60 18
60 19
60 21
60 29
60 32
60 33
60 50
60 56
60 62
60 70
60 77
60 78
61 2
61 15
61 26
61 33
61 34
61 38
61 48
61 49
61 55
61 59
61 63
61 65
61 66
61 74
61 77
62 16
62 19
62 21
62 27
62 28
62 29
62 38
62 41
62 44
62 45
62 46
62 47
62 49
62 54
62 68
62 69
62 73
62 74
62 78
63 5
63 14
63 19
63 43
63 46
63 47
63 51
63 60
63 61
63 68
64 0
64 5
64 18
64 29
64 32
64 36
64 47
64 48
64 61
64 71
64 75
64 79
65 10
65 13
65 32
65 35
65 42
65 55
65 58
65 72
65 75
65 78
65 79
66 4
66 5
66 13
66 15
66 23
66 27
66 39
66 43
66 45
66 46
66 48
66 53
66 55
66 61
66 72
66 75
67 0
67 19
67 24
67 27
67 36
67 41
67 43
67 48
67 54
67 68
67 70
67 75
67 78
68 2
68 5
68 8
68 12
68 22
68 32
68 37
68 42
68 44
68 52
68 59
68 70
68 71
68 75
69 2
69 3
69 12
69 20
69 22
69 28
69 34
69 39
69 40
69 54
69 71
69 78
70 16
70 28
70 34
70 49
70 51
70 54
70 57
70 69
70 77
70 79
71 1
71 10
71 11
71 25
71 32
71 33
71 38
71 40
71 44
71 54
71 55
71 60
71 64
71 69
71 75
72 11
72 15
72 16
72 24
72 26
72 28
72 38
72 42
72 50
72 57
72 63
72 68
72 70
72 72
72 75
73 4
73 11
73 12
73 13
73 15
73 16
73 17
73 18
73 24
73 26
73 30
73 33
73 40
73 47
73 48
73 49
73 57
73 60
73 65
73 74
73 75
74 4
74 6
74 13
74 22
74 24
74 26
74 28
74 30
74 33
74 57
74 75
75 6
75 8
75 16
75 27
75 28
75 36
75 37
75 44
75 45
75 50
75 51
75 58
75 62
75 66
75 67
75 69
75 71
75 74
76 4
76 6
76 14
76 15
76 20
76 27
76 31
76 35
76 47
76 51
76 57
76 60
76 62
76 72
76 74
76 75
77 1
77 2
77 3
77 7
77 9
77 21
77 23
77 24
77 25
77 29
77 30
77 36
77 38
77 39
77 42
77 44
77 64
77 69
77 72
77 78
78 3
78 13
78 17
78 25
78 29
78 33
78 34
78 38
78 42
78 43
78 46
78 48
78 49
78 52
78 56
78 62
78 72
78 76
78 77
79 0
79 8
79 16
79 27
79 32
79 37
79 39
79 42
79 51
79 53
79 54
79 55
79 66
79 67
79 69
79 73
