0 16
0 19
0 27
0 33
0 35
0 45
0 46
0 47
0 51
0 63
0 66
0 68
0 76
0 79
0 88
0 89
1 3
1 4
1 7
1 12
1 20
1 32
1 40
1 42
1 53
1 55
1 56
1 57
1 58
1 77
2 10
2 11
2 15
2 22
2 24
2 25
2 30
2 31
2 34
2 40
2 42
2 48
2 60
2 62
2 77
3 3
3 5
3 7
3 11
3 12
3 15
3 24
3 26
3 27
3 30
3 39
3 40
3 50
3 54
3 61
3 62
3 63
3 65
3 67
3 74
3 76
3 77
3 80
3 82
3 83
3 85
4 1
4 9
4 10
4 11
4 13
4 17
4 19
4 34
4 48
4 53
4 56
4 61
4 66
4 68
4 73
4 74
4 80
5 0
5 1
5 7
5 10
5 12
5 16
5 23
5 27
5 37
5 42
5 53
5 59
5 66
5 68
5 70
5 81
5 88
6 9
6 19
6 25
6 29
6 32
6 34
6 49
6 51
6 54
6 67
6 70
6 75
6 87
7 0
7 5
7 14
7 18
7 24
7 31
7 36
7 37
7 57
7 58
7 63
7 64
7 69
7 73
7 80
7 83
8 3
8 11
8 17
8 23
8 44
8 47
8 59
8 70
8 71
9 2
9 9
9 17
9 20
9 21
9 23
9 26
9 37
9 40
9 50
9 51
9 52
9 55
9 62
9 73
9 74
9 75
9 86
9 88
10 0
10 5
10 6
10 11
10 15
10 16
10 20
10 22
10 24
10 29
10 30
10 34
10 36
10 37
10 41
10 45
10 47
10 48
10 49
10 50
10 58
10 59
10 66
10 71
10 72
10 79
10 82
10 88
11 7
11 18
11 20
11 26
11 27
11 28
11 34
11 36
11 41
11 42
11 50
11 58
11 67
11 74
11 77
11 78
11 79
12 1
12 21
12 34
12 35
12 49
12 55
12 58
12 60
12 62
12 66
12 68
12 72
12 76
12 79
12 81
12 82
12 84
13 0
13 4
13 8
13 11
13 16
13 20
13 21
13 23
13 27
13 28
13 33
13 35
13 37
13 60
13 62
13 66
13 67
13 72
13 77
13 78
13 86
14 0
14 9
14 12
14 26
14 28
14 41
14 47
14 49
14 59
14 77
14 80
14 81
14 84
15 0
15 5
15 7
15 12
15 13
15 18
15 35
15 37
15 47
15 49
15 52
15 54
15 56
15 62
15 64
15 66
15 67
15 68
15 79
15 88
16 1
16 3
16 5
16 12
16 13
16 16
16 20
16 32
16 33
16 34
16 35
16 40
16 43
16 45
16 47
16 48
16 55
16 59
16 63
16 64
16 78
16 89
17 3
17 16
17 18
17 29
17 30
17 31
17 33
17 34
17 42
17 43
17 46
17 50
17 53
17 60
17 64
17 65
17 66
17 71
17 74
17 76
17 77
17 78
17 80
17 84
18 3
18 8
18 11
18 17
18 26
18 28
18 36
18 38
18 41
18 43
18 49
18 59
18 67
18 71
18 76
18 78
18 80
18 85
19 15
19 17
19 23
19 28
19 29
19 30
19 34
19 37
19 40
19 46
19 47
19 48
19 52
19 53
19 59
19 63
19 64
19 67
19 69
19 76
19 80
19 81
19 83
19 89
20 0
20 23
20 33
20 37
20 57
20 59
20 68
20 75
20 84
21 3
21 8
21 19
21 23
21 27
21 34
21 35
21 37
21 48
21 55
21 62
21 68
21 69
21 72
21 73
21 87
21 89
22 1
22 4
22 17
22 20
22 21
22 23
22 39
22 50
22 58
22 66
22 75
22 76
22 79
23 3
23 4
23 11
23 13
23 18
23 19
23 21
23 24
23 26
23 41
23 47
23 52
23 57
23 59
23 60
23 61
23 63
23 71
23 75
23 76
23 79
23 85
23 88
24 0
24 8
24 10
24 15
24 22
24 23
24 32
24 34
24 35
24 37
24 39
24 40
24 44
24 46
24 52
24 60
24 62
24 64
24 66
24 67
24 76
25 7
25 8
25 12
25 16
25 35
25 37
25 41
25 45
25 50
25 65
25 74
25 79
25 87
25 89
26 4
26 7
26 10
26 12
26 13
26 21
26 27
26 31
26 39
26 40
26 46
26 47
26 52
26 59
26 63
26 65
26 74
26 78
26 86
27 2
27 3
27 5
27 9
27 19
27 29
27 36
27 41
27 45
27 46
27 47
27 50
27 57
27 63
27 69
27 73
27 83
27 87
27 89
28 2
28 3
28 13
28 14
28 15
28 17
28 23
28 29
28 33
28 38
28 49
28 51
28 53
28 56
28 60
28 61
28 67
28 68
28 76
28 89
29 0
29 8
29 17
29 25
29 28
29 29
29 32
29 35
29 36
29 39
29 57
29 69
29 72
29 82
29 83
29 85
30 5
30 10
30 12
30 13
30 20
30 21
30 26
30 29
30 33
30 43
30 45
30 56
30 62
30 83
31 8
31 16
31 18
31 22
31 23
31 31
31 47
31 49
31 50
31 51
31 54
31 57
31 61
31 74
31 77
31 79
31 81
31 82
31 87
32 3
32 16
32 26
32 27
32 30
32 37
32 38
32 42
32 46
32 56
32 78
32 80
32 82
32 84
32 85
32 88
33 3
33 7
33 8
33 12
33 15
33 28
33 31
33 35
33 40
33 42
33 45
33 49
33 51
33 62
33 75
33 79
33 82
33 84
34 15
34 20
34 25
34 35
34 41
34 47
34 48
34 51
34 55
34 56
34 61
34 62
34 71
34 72
34 86
34 88
34 89
35 2
35 3
35 5
35 7
35 10
35 22
35 33
35 36
35 37
35 40
35 44
35 46
35 47
35 49
35 53
35 55
35 56
35 60
35 73
35 87
36 15
36 20
36 23
36 28
36 32
36 39
36 40
36 48
36 55
36 70
36 73
36 74
36 85
36 87
36 88
37 4
37 7
37 17
37 18
37 22
37 29
37 33
37 36
37 41
37 56
37 67
37 69
37 75
37 89
38 2
38 10
38 11
38 20
38 27
38 34
38 36
38 38
38 42
38 46
38 49
38 52
38 58
38 59
38 63
38 66
38 69
38 82
38 88
39 0
39 4
39 5
39 8
39 9
39 10
39 11
39 16
39 29
39 30
39 36
39 39
39 42
39 45
39 59
39 63
39 65
39 68
39 72
39 78
39 85
40 2
40 10
40 18
40 19
40 29
40 35
40 45
40 49
40 55
40 61
40 66
40 68
40 75
40 79
41 2
41 9
41 15
41 17
41 22
41 25
41 35
41 37
41 38
41 39
41 42
41 49
41 51
41 53
41 55
41 59
41 63
41 66
41 67
41 68
41 73
42 4
42 6
42 7
42 9
42 19
42 22
42 25
42 26
42 27
42 31
42 33
42 41
42 43
42 44
42 45
42 54
42 59
42 60
42 64
42 68
42 69
42 73
42 75
42 87
43 5
43 7
43 13
43 15
43 25
43 29
43 32
43 39
43 51
43 58
43 62
43 71
43 76
43 77
43 78
43 87
43 88
44 3
44 9
44 11
44 15
44 16
44 23
44 24
44 25
44 33
44 39
44 47
44 51
44 56
44 58
44 69
44 70
44 71
44 77
44 79
44 85
44 88
45 1
45 2
45 3
45 5
45 10
45 11
45 17
45 19
45 20
45 30
45 37
45 41
45 50
45 57
45 70
45 77
45 78
45 80
45 83
45 89
46 4
46 5
46 12
46 14
46 21
46 22
46 29
46 31
46 38
46 45
46 47
46 57
46 67
46 68
46 70
46 71
46 72
46 79
46 81
46 88
47 6
47 8
47 12
47 26
47 30
47 32
47 34
47 50
47 54
47 60
47 61
47 73
47 76
47 81
47 84
47 88
47 89
48 1
48 2
48 4
48 14
48 19
48 23
48 28
48 29
48 40
48 44
48 48
48 52
48 54
48 66
48 71
48 77
48 81
48 84
49 0
49 3
49 14
49 15
49 17
49 24
49 39
49 51
49 54
49 64
49 68
49 75
49 78
49 81
49 88
50 1
50 7
50 12
50 23
50 41
50 43
50 47
50 54
50 58
50 61
50 63
50 70
50 75
50 76
50 78
50 82
50 85
50 88
51 0
51 3
51 5
51 19
51 23
51 25
51 34
51 40
51 41
51 42
51 44
51 46
51 49
51 51
51 54
51 60
51 67
51 68
51 71
51 76
51 82
51 84
51 85
52 11
52 12
52 14
52 22
52 25
52 26
52 31
52 49
52 51
52 52
52 59
52 60
52 62
52 64
52 65
52 66
52 67
52 68
52 85
52 89
53 21
53 24
53 28
53 40
53 42
53 44
53 53
53 54
53 58
53 62
53 68
53 74
53 75
53 77
53 79
53 83
53 88
54 0
54 4
54 7
54 12
54 16
54 21
54 23
54 28
54 33
54 40
54 42
54 43
54 58
54 59
54 60
54 70
54 72
54 76
54 78
54 86
55 7
55 8
55 13
55 15
55 17
55 19
55 29
55 32
55 33
55 44
55 50
55 65
55 70
55 71
55 75
55 78
55 84
56 6
56 10
56 15
56 16
56 20
56 23
56 33
56 37
56 40
56 47
56 48
56 51
56 56
56 64
56 69
56 74
56 75
56 86
57 4
57 9
57 13
57 15
57 24
57 28
57 30
57 32
57 36
57 38
57 39
57 40
57 41
57 42
57 43
57 45
57 49
57 51
57 56
57 63
57 68
57 70
57 73
57 79
57 82
57 84
58 2
58 3
58 6
58 17
58 18
58 21
58 24
58 26
58 28
58 31
58 35
58 38
58 39
58 40
58 43
58 47
58 48
58 51
58 52
58 57
58 66
58 67
58 71
58 72
58 84
58 86
59 3
59 6
59 15
59 17
59 19
59 21
59 28
59 33
59 35
59 40
59 42
59 54
59 58
59 65
59 66
59 72
59 74
59 83
59 88
59 89
60 5
60 9
60 14
60 40
60 49
60 52
60 54
60 58
60 65
60 66
60 67
60 68
60 69
60 73
60 74
60 78
60 82
61 3
61 7
61 15
61 18
61 24
61 26
61 40
61 45
61 50
61 55
61 59
61 65
61 66
61 69
61 72
61 73
61 77
61 82
61 83
61 85
62 2
62 3
62 32
62 36
62 37
62 47
62 55
62 56
62 67
62 68
62 74
62 77
63 1
63 2
63 6
63 20
63 23
63 38
63 41
63 59
63 72
63 76
63 78
63 82
63 85
64 12
64 19
64 27
64 41
64 42
64 48
64 52
64 57
64 63
64 64
64 65
64 71
64 75
64 81
64 84
64 88
65 2
65 3
65 9
65 11
65 12
65 15
65 16
65 22
65 28
65 29
65 39
65 43
65 49
65 51
65 56
65 61
65 68
65 73
65 74
65 83
66 0
66 3
66 6
66 7
66 10
66 11
66 17
66 20
66 26
66 28
66 30
66 31
66 34
66 36
66 49
66 53
66 55
66 72
66 80
66 83
66 85
67 4
67 6
67 15
67 17
67 18
67 23
67 24
67 30
67 31
67 33
67 40
67 48
67 54
67 58
67 63
67 71
67 77
67 85
68 2
68 12
68 17
68 21
68 36
68 39
68 48
68 49
68 52
68 54
68 69
68 72
68 73
68 76
68 77
69 6
69 20
69 23
69 25
69 33
69 35
69 44
69 45
69 46
69 50
69 56
69 60
69 67
69 70
69 72
69 74
69 76
69 77
69 78
69 82
69 84
69 89
70 2
70 11
70 13
70 16
70 17
70 19
70 20
70 29
70 54
70 55
70 61
70 63
70 65
70 70
70 72
70 73
70 83
70 84
70 86
70 87
71 6
71 13
71 17
71 20
71 21
71 22
71 27
71 29
71 32
71 37
71 42
71 47
71 55
71 58
71 59
71 65
71 68
71 72
71 76
72 3
72 5
72 12
72 14
72 18
72 23
72 24
72 39
72 51
72 52
72 55
72 59
72 63
72 66
72 69
72 72
72 73
73 0
73 1
73 2
73 5
73 6
73 10
73 11
73 14
73 22
73 38
73 46
73 52
73 54
73 57
73 65
73 67
73 69
73 74
73 76
73 79
73 84
73 85
74 0
74 4
74 7
74 9
74 11
74 19
74 33
74 35
74 42
74 44
74 45
74 48
74 57
74 58
74 59
74 63
74 69
74 71
74 73
74 74
74 79
75 6
75 7
75 8
75 18
75 20
75 33
75 35
75 45
75 47
75 58
75 59
75 61
75 62
75 65
75 69
75 70
75 76
75 79
75 82
75 88
75 89
76 0
76 1
76 11
76 18
76 20
76 32
76 41
76 44
76 49
76 53
76 54
76 60
76 62
76 63
76 65
76 76
76 78
76 80
76 88
77 2
77 8
77 14
77 15
77 20
77 31
77 33
77 39
77 48
77 54
77 55
77 61
77 62
77 63
77 64
77 65
77 67
77 71
77 76
77 79
77 84
77 85
77 86
77 87
78 5
78 7
78 11
78 19
78 23
78 24
78 26
78 42
78 44
78 45
78 57
78 60
78 63
78 66
78 67
78 79
78 85
78 87
79 14
79 18
79 22
79 23
79 24
79 29
79 30
79 35
79 36
79 37
79 41
79 49
79 53
79 61
79 64
79 77
79 81
79 83
79 85
80 4
80 6
80 11
80 25
80 65
80 69
80 73
80 76
80 77
80 80
80 86
80 88
81 1
81 4
81 8
81 9
81 10
81 16
81 20
81 21
81 30
81 37
81 45
81 53
81 55
81 63
81 68
81 69
81 71
81 74
81 80
81 81
82 8
82 14
82 18
82 20
82 25
82 29
82 35
82 39
82 41
82 45
82 47
82 48
82 56
82 59
82 69
82 71
82 73
82 80
82 84
82 85
82 88
83 1
83 4
83 5
83 6
83 9
83 16
83 17
83 25
83 37
83 40
83 41
83 42
83 43
83 44
83 48
83 51
83 60
83 64
83 70
83 85
84 2
84 19
84 28
84 44
84 48
84 49
84 56
84 64
84 69
84 75
84 79
84 86
85 6
85 13
85 22
85 24
85 27
85 36
85 39
85 48
85 49
85 54
85 55
85 57
85 61
85 65
85 75
85 77
85 86
85 89
86 3
86 4
86 15
86 23
86 27
86 28
86 35
86 43
86 48
86 60
86 64
86 68
86 70
86 71
86 79
86 89
87 1
87 4
87 12
87 15
87 17
87 19
87 23
87 25
87 33
87 44
87 54
87 56
87 61
87 62
87 70
87 74
87 83
87 84
87 89
88 3
88 5
88 19
88 21
88 24
88 26
88 28
88 29
88 35
88 44
88 60
88 61
88 62
88 63
88 73
88 79
89 9
89 14
89 15
89 24
89 25
89 27
89 30
89 35
89 40
89 42
89 43
89 49
89 50
89 52
89 66
89 68
89 70
89 78
