0 0
0 1
0 5
0 16
0 17
0 19
0 23
0 27
0 29
0 31
0 33
0 36
0 37
0 39
0 40
0 41
0 42
0 46
0 48
0 49
0 56
0 59
0 61
0 62
0 63
0 65
0 67
0 68
0 69
0 70
0 73
0 74
0 76
0 81
0 82
0 87
0 88
0 89
1 0
1 8
1 9
1 12
1 13
1 16
1 18
1 25
1 27
1 33
1 34
1 35
1 40
1 41
1 42
1 47
1 49
1 57
1 59
1 60
1 68
1 69
1 70
1 71
1 74
1 75
1 76
1 79
1 83
1 84
1 88
2 1
2 2
2 3
2 8
2 19
2 23
2 25
2 29
2 33
2 34
2 35
2 37
2 40
2 41
2 42
2 43
2 47
2 49
2 52
2 53
2 54
2 57
2 58
2 59
2 61
2 64
2 66
2 67
2 69
2 71
2 73
2 76
2 77
2 79
2 80
2 81
2 82
2 83
2 87
2 88
3 0
3 1
3 2
3 5
3 6
3 7
3 10
3 12
3 13
3 14
3 16
3 17
3 20
3 26
3 33
3 34
3 36
3 37
3 38
3 39
3 40
3 44
3 51
3 52
3 53
3 54
3 56
3 60
3 63
3 64
3 71
3 72
3 74
3 75
3 77
3 79
3 80
3 82
3 87
3 88
3 89
4 2
4 3
4 5
4 6
4 12
4 15
4 16
4 19
4 21
4 24
4 28
4 29
4 30
4 37
4 39
4 43
4 44
4 45
4 49
4 51
4 63
4 69
4 71
4 72
4 75
4 76
4 79
4 84
4 85
4 86
5 3
5 4
5 6
5 7
5 10
5 16
5 18
5 19
5 20
5 21
5 27
5 29
5 37
5 38
5 39
5 40
5 41
5 46
5 48
5 55
5 57
5 64
5 66
5 71
5 72
5 74
5 77
5 78
5 79
5 80
5 81
6 6
6 7
6 10
6 11
6 12
6 14
6 16
6 19
6 25
6 28
6 29
6 30
6 32
6 33
6 36
6 41
6 47
6 49
6 54
6 57
6 59
6 60
6 65
6 72
6 75
6 76
6 78
6 79
6 81
6 83
6 84
6 86
6 87
7 0
7 3
7 4
7 7
7 8
7 10
7 12
7 14
7 15
7 16
7 20
7 24
7 25
7 26
7 28
7 31
7 32
7 33
7 34
7 38
7 41
7 43
7 44
7 45
7 48
7 49
7 50
7 51
7 53
7 55
7 57
7 58
7 60
7 63
7 66
7 68
7 74
7 76
7 77
7 79
7 82
7 83
7 85
7 87
8 1
8 4
8 10
8 12
8 17
8 18
8 19
8 21
8 22
8 28
8 30
8 32
8 33
8 34
8 35
8 36
8 38
8 40
8 46
8 50
8 53
8 55
8 61
8 62
8 73
8 76
8 80
8 81
8 84
8 86
8 87
8 88
8 89
9 4
9 8
9 10
9 13
9 14
9 15
9 16
9 18
9 19
9 22
9 24
9 26
9 32
9 33
9 35
9 37
9 38
9 39
9 42
9 44
9 45
9 49
9 51
9 53
9 64
9 66
9 70
9 74
9 80
9 81
9 83
9 84
9 85
9 87
9 88
10 1
10 2
10 3
10 4
10 5
10 8
10 11
10 12
10 13
10 14
10 15
10 16
10 17
10 18
10 19
10 21
10 23
10 26
10 27
10 30
10 31
10 32
10 35
10 37
10 41
10 42
10 43
10 46
10 51
10 52
10 54
10 56
10 57
10 59
10 61
10 62
10 65
10 71
10 73
10 77
10 78
10 80
10 82
10 85
10 86
10 87
10 89
11 2
11 5
11 11
11 13
11 14
11 18
11 19
11 22
11 25
11 26
11 28
11 31
11 35
11 36
11 37
11 38
11 39
11 40
11 45
11 46
11 50
11 52
11 56
11 58
11 59
11 61
11 65
11 66
11 68
11 74
11 76
11 78
11 79
11 80
11 85
11 87
11 88
12 0
12 4
12 10
12 11
12 13
12 15
12 16
12 19
12 21
12 24
12 26
12 27
12 29
12 30
12 31
12 32
12 35
12 36
12 37
12 41
12 44
12 45
12 48
12 51
12 52
12 53
12 59
12 61
12 62
12 65
12 66
12 67
12 72
12 86
12 88
12 89
13 4
13 7
13 14
13 17
13 18
13 20
13 21
13 22
13 24
13 25
13 28
13 30
13 34
13 35
13 37
13 39
13 42
13 43
13 46
13 47
13 49
13 50
13 51
13 52
13 56
13 59
13 61
13 62
13 66
13 67
13 75
13 76
13 77
13 81
13 89
14 1
14 7
14 8
14 9
14 10
14 14
14 15
14 18
14 24
14 25
14 26
14 28
14 30
14 32
14 33
14 35
14 36
14 37
14 39
14 45
14 52
14 54
14 55
14 56
14 58
14 60
14 65
14 68
14 69
14 70
14 71
14 80
14 84
14 87
14 89
15 1
15 2
15 6
15 7
15 10
15 19
15 20
15 23
15 27
15 29
15 30
15 38
15 42
15 47
15 50
15 51
15 52
15 54
15 55
15 56
15 58
15 62
15 66
15 68
15 69
15 72
15 73
15 74
15 77
15 78
15 80
15 83
15 84
15 87
15 88
15 89
16 0
16 2
16 3
16 5
16 7
16 8
16 11
16 12
16 13
16 14
16 15
16 16
16 19
16 21
16 24
16 25
16 29
16 33
16 37
16 38
16 39
16 40
16 43
16 44
16 47
16 49
16 50
16 52
16 53
16 55
16 56
16 58
16 59
16 61
16 64
16 67
16 70
16 78
16 81
16 82
16 85
17 2
17 3
17 4
17 5
17 8
17 13
17 14
17 15
17 17
17 19
17 22
17 25
17 26
17 32
17 34
17 43
17 45
17 46
17 47
17 48
17 50
17 52
17 54
17 55
17 62
17 63
17 64
17 65
17 72
17 74
17 76
17 77
17 78
17 79
17 82
17 84
17 87
18 1
18 3
18 7
18 8
18 10
18 11
18 14
18 18
18 21
18 22
18 31
18 35
18 36
18 39
18 40
18 45
18 47
18 48
18 49
18 52
18 53
18 57
18 59
18 60
18 61
18 65
18 66
18 68
18 69
18 72
18 74
18 79
18 80
18 82
18 84
18 86
19 0
19 1
19 4
19 7
19 12
19 13
19 15
19 17
19 20
19 21
19 22
19 26
19 29
19 32
19 33
19 34
19 37
19 39
19 40
19 44
19 45
19 46
19 47
19 51
19 63
19 66
19 68
19 70
19 72
19 74
19 77
19 78
19 81
20 2
20 4
20 5
20 10
20 12
20 14
20 16
20 17
20 19
20 20
20 23
20 29
20 30
20 31
20 33
20 37
20 38
20 41
20 42
20 44
20 45
20 48
20 53
20 55
20 57
20 58
20 60
20 64
20 65
20 67
20 72
20 75
20 83
20 87
20 88
21 0
21 5
21 6
21 12
21 15
21 16
21 18
21 20
21 21
21 23
21 28
21 32
21 33
21 34
21 35
21 37
21 41
21 45
21 46
21 51
21 55
21 56
21 58
21 69
21 73
21 74
21 76
21 77
21 78
21 79
22 2
22 5
22 6
22 9
22 12
22 18
22 19
22 23
22 25
22 26
22 29
22 30
22 34
22 36
22 39
22 40
22 41
22 43
22 50
22 56
22 62
22 63
22 64
22 66
22 72
22 74
22 76
22 77
22 81
22 82
22 83
22 85
22 88
23 1
23 2
23 3
23 4
23 6
23 11
23 13
23 16
23 20
23 23
23 30
23 31
23 33
23 36
23 38
23 39
23 42
23 44
23 45
23 47
23 48
23 51
23 53
23 56
23 57
23 62
23 63
23 72
23 74
23 76
23 79
23 82
23 86
23 87
23 88
23 89
24 0
24 4
24 6
24 8
24 11
24 12
24 13
24 18
24 20
24 22
24 23
24 25
24 26
24 27
24 28
24 30
24 31
24 48
24 53
24 56
24 57
24 58
24 61
24 62
24 63
24 64
24 67
24 71
24 75
24 76
24 79
24 80
24 82
24 83
24 84
24 85
24 86
24 87
25 2
25 6
25 7
25 8
25 10
25 12
25 13
25 14
25 17
25 19
25 29
25 31
25 32
25 34
25 37
25 43
25 44
25 46
25 51
25 53
25 55
25 62
25 65
25 67
25 68
25 70
25 71
25 72
25 74
25 77
25 78
25 79
25 82
25 84
25 86
25 88
26 0
26 2
26 3
26 4
26 6
26 7
26 9
26 18
26 20
26 23
26 24
26 25
26 27
26 28
26 30
26 32
26 33
26 35
26 41
26 42
26 44
26 45
26 47
26 48
26 53
26 54
26 56
26 61
26 73
26 78
26 80
26 81
26 88
27 1
27 2
27 11
27 12
27 15
27 20
27 21
27 22
27 23
27 24
27 29
27 32
27 34
27 35
27 38
27 39
27 42
27 44
27 49
27 50
27 56
27 57
27 64
27 65
27 68
27 71
27 76
27 77
27 79
27 86
27 87
27 88
28 0
28 5
28 6
28 7
28 10
28 11
28 12
28 17
28 21
28 22
28 23
28 24
28 26
28 27
28 29
28 31
28 33
28 35
28 37
28 38
28 39
28 40
28 41
28 50
28 51
28 55
28 56
28 57
28 59
28 60
28 61
28 64
28 67
28 70
28 72
28 77
28 82
28 84
28 85
28 89
29 5
29 9
29 11
29 12
29 18
29 19
29 20
29 21
29 22
29 27
29 28
29 31
29 34
29 36
29 43
29 47
29 51
29 58
29 60
29 64
29 68
29 69
29 72
29 74
29 76
29 79
29 81
30 0
30 4
30 5
30 6
30 11
30 18
30 19
30 22
30 26
30 33
30 35
30 36
30 37
30 38
30 42
30 44
30 46
30 47
30 49
30 50
30 52
30 54
30 58
30 62
30 64
30 68
30 69
30 70
30 71
30 77
30 78
30 79
30 81
30 86
30 87
31 0
31 10
31 12
31 17
31 18
31 20
31 23
31 26
31 27
31 28
31 30
31 31
31 34
31 35
31 37
31 39
31 41
31 50
31 57
31 62
31 68
31 69
31 79
31 81
31 83
31 84
31 87
32 3
32 4
32 6
32 7
32 9
32 10
32 12
32 16
32 17
32 19
32 21
32 22
32 28
32 30
32 31
32 35
32 40
32 44
32 46
32 51
32 52
32 53
32 54
32 55
32 57
32 59
32 64
32 65
32 66
32 67
32 72
32 75
32 76
32 77
32 82
32 83
32 85
32 86
32 88
33 1
33 6
33 9
33 11
33 24
33 34
33 37
33 38
33 41
33 43
33 45
33 46
33 47
33 49
33 53
33 54
33 67
33 71
33 72
33 75
33 79
33 81
33 86
33 87
34 3
34 5
34 6
34 8
34 15
34 18
34 21
34 30
34 34
34 37
34 38
34 40
34 45
34 46
34 48
34 49
34 52
34 54
34 55
34 56
34 59
34 60
34 62
34 64
34 65
34 67
34 71
34 73
34 74
34 77
34 79
34 80
34 82
34 85
34 88
35 3
35 6
35 7
35 11
35 12
35 14
35 16
35 20
35 22
35 25
35 30
35 32
35 37
35 39
35 42
35 43
35 45
35 52
35 58
35 65
35 67
35 71
35 72
35 73
35 76
35 78
35 79
35 80
35 82
35 84
35 85
35 87
36 2
36 5
36 7
36 11
36 12
36 13
36 14
36 15
36 16
36 17
36 19
36 21
36 22
36 32
36 34
36 38
36 39
36 42
36 46
36 48
36 49
36 50
36 55
36 58
36 59
36 65
36 66
36 73
36 74
36 75
36 77
36 78
36 80
36 81
36 83
36 87
37 0
37 5
37 6
37 7
37 8
37 11
37 12
37 13
37 15
37 20
37 22
37 24
37 27
37 28
37 32
37 36
37 40
37 41
37 42
37 43
37 48
37 50
37 53
37 54
37 55
37 56
37 58
37 66
37 73
37 74
37 75
37 76
37 78
37 82
37 83
37 84
38 1
38 2
38 6
38 11
38 12
38 15
38 18
38 20
38 22
38 23
38 24
38 32
38 35
38 36
38 38
38 39
38 41
38 42
38 44
38 46
38 47
38 50
38 53
38 54
38 57
38 59
38 62
38 64
38 65
38 67
38 68
38 74
38 75
38 77
38 80
38 81
38 83
38 84
38 85
38 86
38 88
39 1
39 2
39 3
39 6
39 8
39 9
39 10
39 11
39 12
39 13
39 14
39 17
39 19
39 20
39 23
39 24
39 26
39 27
39 30
39 32
39 34
39 37
39 48
39 53
39 55
39 56
39 58
39 59
39 61
39 63
39 64
39 65
39 71
39 72
39 73
39 77
39 81
39 82
39 86
39 88
40 3
40 10
40 11
40 12
40 14
40 16
40 18
40 19
40 21
40 24
40 27
40 31
40 32
40 33
40 35
40 37
40 38
40 40
40 43
40 46
40 47
40 48
40 49
40 50
40 55
40 56
40 57
40 59
40 61
40 63
40 67
40 68
40 70
40 73
40 75
40 78
40 80
40 82
40 84
40 86
40 89
41 3
41 4
41 5
41 6
41 7
41 10
41 11
41 14
41 15
41 16
41 20
41 27
41 28
41 30
41 34
41 35
41 36
41 37
41 40
41 42
41 44
41 47
41 55
41 57
41 58
41 59
41 61
41 67
41 70
41 78
41 79
41 85
41 88
41 89
42 1
42 10
42 16
42 17
42 22
42 25
42 26
42 29
42 30
42 31
42 32
42 34
42 40
42 41
42 44
42 45
42 50
42 51
42 52
42 55
42 57
42 59
42 63
42 64
42 68
42 69
42 71
42 74
42 78
42 79
42 80
42 81
43 1
43 2
43 4
43 6
43 7
43 8
43 9
43 11
43 13
43 16
43 18
43 22
43 24
43 28
43 30
43 32
43 36
43 37
43 41
43 44
43 45
43 48
43 51
43 53
43 58
43 63
43 64
43 71
43 73
43 74
43 75
43 79
43 80
43 81
43 88
44 1
44 2
44 4
44 5
44 7
44 12
44 13
44 14
44 17
44 18
44 21
44 30
44 31
44 32
44 35
44 37
44 39
44 40
44 41
44 42
44 43
44 44
44 47
44 48
44 49
44 50
44 54
44 57
44 59
44 61
44 64
44 66
44 68
44 70
44 72
44 74
44 77
44 85
45 2
45 3
45 6
45 7
45 8
45 9
45 17
45 18
45 20
45 21
45 23
45 24
45 28
45 30
45 32
45 33
45 43
45 45
45 47
45 48
45 50
45 54
45 58
45 62
45 63
45 65
45 73
45 74
45 75
45 76
45 77
45 79
45 80
45 82
45 83
45 84
45 85
45 87
45 88
45 89
46 1
46 3
46 6
46 10
46 13
46 18
46 19
46 21
46 22
46 27
46 30
46 31
46 33
46 34
46 35
46 36
46 41
46 42
46 44
46 51
46 56
46 57
46 58
46 60
46 61
46 64
46 70
46 71
46 75
46 80
46 81
46 84
46 86
46 87
46 88
47 1
47 3
47 4
47 6
47 11
47 12
47 14
47 20
47 23
47 24
47 27
47 32
47 34
47 36
47 37
47 39
47 41
47 42
47 43
47 45
47 48
47 49
47 53
47 59
47 61
47 62
47 64
47 65
47 67
47 69
47 71
47 72
47 75
47 78
47 80
47 81
47 86
47 88
48 1
48 3
48 4
48 7
48 12
48 14
48 16
48 17
48 23
48 25
48 26
48 29
48 30
48 35
48 36
48 38
48 39
48 42
48 43
48 44
48 46
48 47
48 48
48 52
48 54
48 58
48 60
48 61
48 62
48 66
48 67
48 69
48 72
48 74
48 80
48 81
48 82
48 83
48 87
48 88
48 89
49 1
49 5
49 6
49 8
49 10
49 12
49 15
49 17
49 18
49 19
49 23
49 24
49 29
49 35
49 37
49 40
49 42
49 44
49 50
49 51
49 60
49 61
49 64
49 65
49 71
49 72
49 75
49 76
49 78
49 79
49 82
49 83
49 85
49 88
49 89
50 0
50 2
50 6
50 8
50 14
50 15
50 17
50 19
50 22
50 23
50 25
50 27
50 29
50 33
50 34
50 38
50 39
50 41
50 47
50 48
50 49
50 50
50 51
50 52
50 53
50 54
50 55
50 56
50 57
50 58
50 60
50 61
50 62
50 63
50 64
50 67
50 69
50 72
50 73
50 75
50 76
50 78
50 81
50 83
50 84
50 85
50 86
50 87
50 89
51 1
51 7
51 10
51 25
51 28
51 30
51 31
51 33
51 35
51 36
51 38
51 44
51 45
51 46
51 49
51 51
51 52
51 54
51 56
51 62
51 65
51 69
51 73
51 81
51 82
51 83
51 86
51 87
52 0
52 1
52 2
52 6
52 8
52 11
52 20
52 22
52 24
52 28
52 32
52 33
52 35
52 36
52 37
52 42
52 43
52 44
52 45
52 48
52 50
52 51
52 53
52 55
52 56
52 57
52 60
52 62
52 66
52 72
52 75
52 76
52 77
52 79
52 80
52 81
53 1
53 10
53 11
53 12
53 13
53 14
53 19
53 20
53 21
53 32
53 33
53 42
53 46
53 47
53 48
53 54
53 56
53 58
53 60
53 61
53 62
53 63
53 66
53 67
53 71
53 73
53 74
53 79
53 81
54 2
54 3
54 6
54 7
54 9
54 10
54 11
54 18
54 27
54 32
54 34
54 38
54 40
54 42
54 45
54 46
54 47
54 48
54 49
54 50
54 53
54 59
54 63
54 72
54 73
54 74
54 76
54 78
54 84
54 87
54 89
55 1
55 2
55 4
55 5
55 8
55 11
55 12
55 17
55 18
55 19
55 20
55 23
55 24
55 27
55 28
55 29
55 31
55 34
55 40
55 41
55 43
55 44
55 45
55 47
55 52
55 58
55 59
55 61
55 62
55 64
55 65
55 68
55 70
55 71
55 73
55 74
55 75
55 76
55 77
55 78
55 83
55 84
55 85
55 87
55 88
55 89
56 3
56 4
56 5
56 10
56 12
56 15
56 17
56 18
56 20
56 21
56 22
56 23
56 25
56 26
56 28
56 32
56 33
56 34
56 35
56 42
56 44
56 45
56 47
56 50
56 51
56 52
56 54
56 56
56 57
56 60
56 62
56 63
56 64
56 66
56 67
56 68
56 70
56 72
56 74
56 78
56 83
56 84
57 0
57 1
57 4
57 6
57 12
57 15
57 16
57 17
57 19
57 21
57 31
57 34
57 36
57 39
57 41
57 43
57 44
57 46
57 48
57 51
57 52
57 58
57 59
57 62
57 63
57 66
57 68
57 69
57 70
57 71
57 73
57 74
57 75
57 76
57 79
57 80
57 84
57 87
57 88
58 3
58 6
58 10
58 15
58 17
58 21
58 25
58 26
58 30
58 31
58 32
58 33
58 37
58 40
58 45
58 48
58 49
58 50
58 51
58 52
58 53
58 54
58 55
58 69
58 70
58 77
58 78
58 87
59 2
59 3
59 5
59 8
59 12
59 17
59 18
59 20
59 21
59 22
59 24
59 33
59 38
59 39
59 42
59 44
59 47
59 48
59 51
59 52
59 54
59 55
59 62
59 64
59 66
59 67
59 69
59 70
59 73
59 76
59 78
59 80
59 85
59 88
59 89
60 0
60 3
60 8
60 9
60 17
60 20
60 21
60 25
60 26
60 28
60 33
60 34
60 36
60 37
60 41
60 42
60 44
60 48
60 53
60 54
60 55
60 57
60 60
60 63
60 64
60 67
60 71
60 72
60 74
60 75
60 77
60 78
60 79
60 81
60 82
60 85
60 86
60 88
61 9
61 13
61 16
61 19
61 22
61 24
61 25
61 26
61 28
61 30
61 34
61 35
61 39
61 40
61 46
61 47
61 51
61 54
61 57
61 58
61 60
61 64
61 67
61 69
61 71
61 73
61 74
61 75
61 77
61 78
61 79
61 80
61 81
61 82
61 84
61 85
61 86
61 88
61 89
62 1
62 3
62 5
62 9
62 10
62 11
62 12
62 16
62 17
62 18
62 20
62 24
62 25
62 27
62 31
62 33
62 34
62 38
62 39
62 40
62 44
62 46
62 48
62 49
62 51
62 54
62 55
62 57
62 59
62 60
62 64
62 65
62 67
62 69
62 73
62 77
62 79
62 80
62 82
62 83
62 88
62 89
63 5
63 7
63 8
63 10
63 11
63 17
63 26
63 30
63 31
63 35
63 38
63 41
63 43
63 48
63 49
63 52
63 55
63 56
63 63
63 66
63 67
63 68
63 69
63 74
63 75
63 79
63 80
63 81
63 83
63 84
63 85
63 87
63 88
64 2
64 6
64 9
64 10
64 12
64 17
64 18
64 19
64 20
64 21
64 23
64 24
64 26
64 27
64 30
64 31
64 33
64 34
64 36
64 37
64 38
64 39
64 40
64 42
64 43
64 44
64 45
64 50
64 52
64 54
64 57
64 58
64 61
64 62
64 64
64 67
64 68
64 70
64 72
64 76
64 80
64 83
64 84
64 88
65 0
65 1
65 2
65 4
65 5
65 7
65 9
65 14
65 24
65 27
65 28
65 32
65 33
65 37
65 38
65 40
65 41
65 44
65 46
65 47
65 48
65 50
65 55
65 57
65 58
65 59
65 61
65 63
65 64
65 65
65 69
65 73
65 78
65 79
65 80
65 84
65 88
65 89
66 4
66 6
66 7
66 8
66 10
66 13
66 15
66 16
66 19
66 20
66 22
66 23
66 27
66 28
66 33
66 38
66 41
66 48
66 49
66 53
66 56
66 57
66 62
66 63
66 64
66 70
66 71
66 74
66 75
66 78
66 82
66 84
66 85
66 86
66 87
66 89
67 0
67 8
67 11
67 18
67 19
67 24
67 28
67 31
67 34
67 40
67 44
67 45
67 46
67 48
67 50
67 52
67 53
67 55
67 57
67 58
67 59
67 62
67 65
67 70
67 73
67 76
67 77
67 78
67 80
67 82
67 87
67 88
67 89
68 0
68 3
68 6
68 7
68 12
68 15
68 16
68 18
68 21
68 25
68 28
68 29
68 30
68 32
68 34
68 36
68 38
68 40
68 43
68 48
68 49
68 50
68 55
68 56
68 57
68 59
68 63
68 69
68 70
68 73
68 75
68 76
68 77
68 78
68 79
68 80
68 81
68 82
68 83
68 85
68 86
68 87
69 1
69 2
69 3
69 5
69 7
69 8
69 9
69 11
69 12
69 13
69 14
69 16
69 18
69 19
69 22
69 23
69 25
69 26
69 27
69 29
69 30
69 32
69 35
69 36
69 37
69 38
69 39
69 42
69 45
69 47
69 48
69 59
69 60
69 61
69 63
69 66
69 69
69 70
69 72
69 75
69 77
69 78
69 81
69 82
69 83
70 0
70 1
70 5
70 8
70 10
70 11
70 12
70 19
70 22
70 24
70 25
70 29
70 30
70 31
70 34
70 35
70 39
70 42
70 47
70 51
70 53
70 55
70 57
70 58
70 62
70 66
70 67
70 68
70 70
70 71
70 75
70 78
70 79
70 81
70 84
70 85
71 5
71 6
71 9
71 16
71 17
71 25
71 27
71 28
71 34
71 40
71 43
71 44
71 45
71 47
71 51
71 56
71 57
71 64
71 66
71 68
71 71
71 72
71 74
71 75
71 76
71 84
71 85
71 88
71 89
72 0
72 7
72 8
72 11
72 13
72 19
72 20
72 22
72 23
72 24
72 26
72 30
72 32
72 33
72 36
72 37
72 40
72 41
72 42
72 43
72 44
72 48
72 49
72 50
72 54
72 55
72 56
72 57
72 58
72 60
72 61
72 66
72 69
72 70
72 71
72 72
72 74
72 75
72 76
72 77
72 80
72 82
72 85
72 86
72 87
72 88
73 3
73 7
73 11
73 13
73 16
73 19
73 21
73 22
73 23
73 25
73 26
73 31
73 35
73 41
73 45
73 48
73 53
73 60
73 64
73 65
73 66
73 68
73 69
73 72
73 76
73 77
73 78
73 79
73 82
74 1
74 2
74 6
74 7
74 8
74 9
74 11
74 13
74 14
74 16
74 18
74 19
74 23
74 24
74 25
74 27
74 30
74 33
74 35
74 37
74 39
74 43
74 44
74 47
74 48
74 52
74 57
74 60
74 61
74 65
74 67
74 68
74 70
74 73
74 75
74 77
74 78
74 79
74 84
74 87
75 3
75 5
75 6
75 9
75 11
75 14
75 15
75 17
75 18
75 19
75 25
75 27
75 29
75 31
75 33
75 34
75 38
75 40
75 43
75 47
75 48
75 49
75 50
75 56
75 57
75 58
75 59
75 61
75 63
75 64
75 65
75 67
75 69
75 74
75 75
75 80
75 82
75 83
75 84
75 85
75 88
75 89
76 1
76 5
76 6
76 8
76 9
76 11
76 17
76 18
76 20
76 28
76 29
76 33
76 34
76 36
76 38
76 39
76 42
76 45
76 46
76 52
76 53
76 63
76 64
76 67
76 68
76 71
76 72
76 73
76 74
76 75
76 79
76 80
76 84
76 85
77 3
77 6
77 7
77 10
77 11
77 16
77 18
77 19
77 25
77 30
77 32
77 34
77 35
77 36
77 39
77 41
77 44
77 45
77 46
77 49
77 50
77 52
77 55
77 58
77 69
77 71
77 77
77 83
77 85
77 88
77 89
78 0
78 1
78 2
78 3
78 6
78 8
78 12
78 13
78 14
78 18
78 22
78 27
78 30
78 31
78 33
78 35
78 39
78 40
78 42
78 47
78 53
78 54
78 55
78 56
78 60
78 65
78 68
78 69
78 70
78 73
78 74
78 77
78 82
78 85
78 86
78 88
79 2
79 5
79 9
79 11
79 15
79 16
79 17
79 22
79 26
79 31
79 33
79 34
79 37
79 38
79 43
79 45
79 48
79 50
79 51
79 53
79 55
79 57
79 60
79 61
79 62
79 63
79 71
79 72
79 76
79 78
79 79
79 85
79 89
80 3
80 5
80 6
80 9
80 13
80 14
80 17
80 18
80 20
80 22
80 24
80 27
80 30
80 32
80 33
80 35
80 37
80 39
80 41
80 42
80 43
80 46
80 47
80 48
80 49
80 50
80 54
80 57
80 62
80 63
80 65
80 70
80 71
80 72
80 74
80 77
80 79
80 80
80 81
80 83
80 87
81 2
81 6
81 7
81 10
81 16
81 20
81 21
81 26
81 28
81 29
81 31
81 33
81 35
81 41
81 44
81 45
81 47
81 48
81 50
81 53
81 58
81 63
81 66
81 68
81 69
81 71
81 80
81 84
81 87
81 88
82 3
82 5
82 8
82 9
82 11
82 16
82 20
82 22
82 23
82 26
82 29
82 38
82 46
82 49
82 52
82 57
82 59
82 65
82 71
82 72
82 73
82 74
82 76
82 78
82 79
82 81
82 83
82 84
82 86
82 89
83 2
83 3
83 4
83 6
83 7
83 10
83 12
83 13
83 18
83 19
83 20
83 23
83 25
83 26
83 27
83 29
83 30
83 32
83 34
83 37
83 38
83 40
83 41
83 42
83 49
83 50
83 51
83 53
83 54
83 55
83 58
83 63
83 64
83 71
83 72
83 73
83 76
83 80
83 84
83 88
83 89
84 5
84 9
84 11
84 12
84 13
84 25
84 30
84 34
84 43
84 46
84 47
84 54
84 55
84 57
84 58
84 59
84 63
84 65
84 68
84 69
84 70
84 75
84 76
84 81
84 86
84 87
84 88
84 89
85 2
85 4
85 8
85 9
85 13
85 19
85 26
85 31
85 33
85 34
85 37
85 38
85 41
85 42
85 43
85 44
85 45
85 47
85 54
85 57
85 60
85 64
85 66
85 68
85 70
85 71
85 73
85 74
85 75
85 83
85 88
86 8
86 9
86 13
86 14
86 15
86 16
86 20
86 22
86 25
86 26
86 27
86 30
86 35
86 37
86 40
86 43
86 44
86 45
86 48
86 49
86 50
86 55
86 57
86 59
86 60
86 66
86 68
86 70
86 72
86 74
86 75
86 77
86 78
86 79
86 81
86 82
86 83
86 84
86 85
86 86
86 89
87 0
87 2
87 3
87 8
87 9
87 12
87 14
87 16
87 21
87 28
87 31
87 33
87 34
87 37
87 39
87 40
87 42
87 44
87 49
87 50
87 53
87 54
87 55
87 57
87 58
87 60
87 72
87 73
87 74
87 75
87 76
87 78
87 79
87 81
87 82
87 84
87 86
87 87
88 2
88 3
88 4
88 5
88 9
88 15
88 19
88 21
88 23
88 25
88 26
88 27
88 33
88 36
88 39
88 41
88 43
88 45
88 47
88 48
88 55
88 59
88 61
88 62
88 63
88 64
88 65
88 68
88 70
88 74
88 78
88 80
88 82
88 84
88 87
88 89
89 3
89 11
89 12
89 13
89 16
89 20
89 23
89 24
89 26
89 27
89 30
89 32
89 33
89 34
89 38
89 40
89 43
89 46
89 47
89 50
89 53
89 58
89 62
89 63
89 67
89 68
89 74
89 75
89 76
89 78
89 79
89 83
89 86
