0 3
0 4
0 53
0 42
0 95
0 60
0 13
0 30
0 29
1 16
1 18
1 3
1 4
1 5
1 6
1 23
1 58
1 12
1 34
1 93
2 9
2 3
2 5
2 86
2 13
3 67
3 4
3 6
3 10
3 11
3 15
3 81
3 82
3 19
3 20
3 85
3 22
3 23
3 79
3 30
3 98
3 37
3 40
3 49
3 51
3 54
3 57
3 63
4 68
4 5
4 6
4 7
4 8
4 73
4 11
4 78
4 15
4 16
4 75
4 67
4 29
4 69
4 36
4 37
4 38
4 64
4 43
4 45
4 82
5 35
5 7
5 8
5 41
5 11
5 44
5 17
5 50
5 52
5 21
5 40
5 90
5 92
6 7
6 9
6 10
6 13
6 14
6 17
6 84
6 22
6 23
6 25
6 26
6 27
6 28
6 96
6 99
6 36
6 37
6 38
6 71
6 46
6 52
6 54
6 73
6 59
6 74
6 63
7 98
7 39
7 8
7 9
7 42
7 12
7 45
7 14
7 50
7 20
7 85
8 10
8 18
9 17
9 84
9 25
10 35
10 34
10 80
10 39
10 41
10 43
10 12
10 14
10 16
10 88
10 19
10 53
10 55
10 83
11 40
11 24
11 95
11 61
11 93
11 15
12 75
12 97
12 69
12 65
12 28
12 74
13 81
13 21
13 39
13 57
13 70
13 18
13 62
14 30
14 33
14 38
14 19
14 21
14 28
14 74
14 62
14 65
15 32
15 80
15 82
15 22
15 47
15 46
15 31
16 71
16 24
16 20
16 91
16 52
17 32
17 65
17 77
17 51
17 54
17 55
17 25
17 26
17 27
17 61
18 35
18 69
18 89
18 56
18 41
18 76
18 94
18 85
19 68
19 58
20 84
20 72
20 58
20 79
20 29
20 31
21 33
21 24
21 89
21 91
21 94
22 46
23 32
23 66
23 86
23 48
23 26
23 55
23 44
23 31
24 66
24 45
25 53
25 71
25 56
25 87
25 86
26 27
27 80
29 33
29 70
29 72
31 48
31 97
31 34
31 47
31 43
32 61
32 49
33 36
34 47
35 96
35 49
35 88
35 76
35 44
36 59
36 60
37 81
37 56
37 92
38 64
38 99
38 77
39 42
39 90
40 79
42 51
42 50
43 87
44 48
44 83
46 57
46 59
46 78
46 63
48 64
48 83
48 77
48 62
49 66
51 72
53 67
54 60
56 89
57 73
58 76
59 75
60 68
60 78
63 92
66 90
67 99
68 70
70 96
71 93
71 87
77 98
81 94
84 97
84 95
86 88
86 91
