0 16
0 81
0 7
0 8
0 25
0 14
1 35
1 36
1 54
1 38
1 7
1 8
1 9
1 13
1 17
1 19
1 22
1 40
1 89
1 31
2 75
2 86
2 7
2 8
2 9
2 10
2 11
2 12
2 14
2 16
2 17
2 18
2 83
2 20
2 21
2 22
2 25
2 78
2 30
2 32
2 40
2 44
2 45
2 49
2 51
2 84
3 7
4 64
4 7
4 8
4 9
4 10
4 11
4 77
4 79
4 16
4 17
4 18
4 19
4 21
4 22
4 23
4 25
4 27
4 28
4 93
4 95
4 80
4 36
4 41
4 44
4 48
4 52
4 89
4 87
4 60
5 33
5 34
5 91
5 68
5 7
5 8
5 9
5 10
5 11
5 12
5 13
5 16
5 49
5 23
5 58
5 59
6 81
6 35
6 30
6 54
6 7
6 8
6 9
6 10
6 13
6 14
6 31
7 8
7 9
7 10
7 11
7 12
7 13
7 14
7 15
7 16
7 17
7 19
7 20
7 25
7 26
7 28
7 30
7 32
7 33
7 34
7 35
7 36
7 37
7 39
7 45
7 46
7 50
7 51
7 53
7 55
7 59
7 61
7 68
7 71
7 73
7 82
7 90
7 91
7 94
7 98
8 72
8 9
8 10
8 11
8 12
8 98
8 14
8 15
8 18
8 21
8 88
8 71
8 90
8 94
8 95
8 33
8 34
8 70
8 38
8 39
8 97
8 43
8 46
8 74
8 73
8 58
8 60
8 61
8 65
9 74
9 10
9 11
9 12
9 13
9 14
9 15
9 16
9 92
9 18
9 20
9 21
9 26
9 28
9 29
9 69
9 33
9 99
9 36
9 37
9 97
9 40
9 41
9 82
9 48
9 72
9 77
9 52
9 53
9 55
9 57
9 60
9 61
10 11
10 12
10 13
10 77
10 15
10 16
10 19
10 23
10 24
10 89
10 71
10 27
10 29
10 30
10 32
10 35
10 38
10 39
10 43
10 46
10 83
10 63
11 75
11 12
11 78
11 15
11 81
11 83
11 21
11 22
11 23
11 24
11 26
11 79
11 30
11 32
11 43
11 45
11 47
11 48
11 49
11 56
11 57
11 74
11 63
12 66
12 70
12 76
12 13
12 14
12 15
12 17
12 18
12 19
12 20
12 85
12 22
12 23
12 24
12 68
12 26
12 27
12 28
12 69
12 31
12 34
12 87
12 37
12 41
12 42
12 43
12 50
12 53
12 55
12 56
12 57
12 58
12 86
13 66
13 67
13 17
13 20
13 22
13 26
13 28
13 93
13 32
13 33
13 81
13 40
13 71
13 48
13 76
13 53
13 57
13 61
13 63
14 69
14 15
14 19
14 20
14 21
14 86
14 23
14 24
14 25
14 90
14 27
14 92
14 30
14 96
14 97
14 34
14 91
14 36
14 39
14 42
14 43
14 47
14 48
14 52
14 84
14 62
14 63
15 67
15 38
15 17
15 18
15 54
15 41
15 71
15 75
15 93
15 30
16 38
16 40
16 39
16 98
16 46
16 42
16 54
16 41
16 88
16 26
16 29
16 62
16 31
17 18
17 83
17 66
17 86
17 27
17 29
17 96
17 35
17 38
17 46
17 50
17 19
17 54
17 56
17 58
17 65
18 64
18 65
18 83
18 20
18 21
18 22
18 24
18 89
18 90
18 28
18 29
18 31
18 99
18 39
18 41
18 93
18 76
18 49
18 54
18 56
18 95
18 61
18 63
19 64
19 67
19 69
19 80
19 87
19 24
19 25
19 27
19 29
19 94
19 91
19 44
19 46
19 50
19 55
19 88
19 59
20 32
20 73
20 74
20 95
20 31
21 96
21 37
21 70
21 74
21 52
21 24
21 93
22 57
22 34
22 82
22 72
22 42
22 78
22 79
22 51
22 53
22 23
22 25
22 26
22 27
22 29
23 33
23 40
23 48
23 85
23 88
23 62
23 31
24 41
24 77
24 80
24 51
24 28
25 35
25 60
25 51
25 47
26 32
26 67
26 81
26 72
26 71
26 35
27 37
27 57
28 65
28 67
28 78
28 77
28 88
28 84
28 89
28 34
28 38
28 42
28 45
28 46
28 47
28 76
28 49
28 58
29 96
29 33
29 98
29 37
29 50
29 58
29 54
29 62
30 97
30 36
30 37
30 73
30 39
30 94
30 66
30 43
30 75
30 53
30 42
30 62
30 85
31 50
31 43
31 45
32 97
32 87
32 98
32 44
33 75
33 47
33 51
33 84
33 86
33 56
34 64
34 65
34 67
34 36
34 44
34 60
34 48
34 85
34 55
34 90
34 59
34 61
34 94
35 52
35 49
35 73
35 45
36 68
36 69
36 75
36 77
36 80
36 58
37 64
37 66
37 69
37 81
37 40
37 42
37 44
37 80
37 49
37 55
37 63
38 64
38 60
38 44
38 92
38 57
39 66
39 99
39 77
39 45
39 79
39 82
39 89
40 51
40 99
40 59
40 47
41 64
41 86
41 90
41 66
42 65
42 47
43 70
43 71
43 60
43 74
44 82
44 72
44 74
45 70
45 62
46 82
47 80
47 91
47 59
47 79
48 50
48 53
48 79
49 52
49 56
49 78
49 69
50 52
50 70
50 56
50 75
51 99
51 55
51 87
51 88
51 92
52 61
53 68
53 87
53 63
54 65
54 80
54 79
54 86
54 87
55 97
55 72
55 76
55 84
55 78
56 78
57 59
57 68
59 99
59 70
60 76
60 83
60 85
60 90
60 92
60 62
61 68
61 85
61 73
62 73
63 85
64 81
64 82
64 95
65 67
65 84
65 93
66 72
68 76
68 89
70 98
72 92
73 98
74 88
76 97
76 83
76 95
78 96
78 84
79 96
81 91
81 94
84 96
85 92
87 91
87 93
91 94
92 95
93 99
