0 33
0 66
0 36
0 5
0 38
0 7
0 8
0 9
0 11
0 15
0 18
0 24
0 29
0 30
1 32
1 97
1 36
1 5
1 6
1 7
1 42
1 76
1 47
1 50
1 83
1 85
1 56
1 26
1 29
1 94
2 66
2 5
2 6
2 7
2 8
2 9
2 10
2 75
2 12
2 98
2 14
2 15
2 16
2 18
2 83
2 22
2 31
2 34
2 35
2 43
2 46
2 49
2 53
2 74
3 34
3 67
3 5
3 6
3 39
3 8
3 41
3 12
3 13
3 17
3 99
3 20
3 89
3 93
3 95
4 5
4 6
4 8
4 9
4 74
4 11
4 78
4 15
4 17
4 21
4 22
4 23
4 88
4 26
4 27
4 32
4 44
4 72
4 58
4 59
4 60
4 61
4 63
5 6
5 7
5 8
5 9
5 10
5 11
5 12
5 13
5 44
5 40
5 20
5 21
5 45
5 57
5 29
5 62
6 7
6 10
6 11
6 12
6 66
6 77
6 80
6 17
6 19
6 21
6 69
6 25
6 90
6 79
6 28
6 29
6 30
6 31
6 33
6 35
6 39
6 97
6 48
6 50
6 55
6 87
6 61
7 9
7 10
7 11
7 12
7 13
7 14
7 15
7 16
7 19
7 78
7 22
7 91
7 86
7 34
7 38
7 40
7 45
7 47
7 76
7 51
7 53
7 73
7 56
7 57
7 61
8 64
8 10
8 14
8 82
8 99
8 22
8 25
8 91
8 28
8 35
8 37
8 40
8 50
8 54
8 56
8 59
8 60
9 33
9 70
9 41
9 96
9 43
9 44
9 13
9 14
9 47
9 17
9 18
9 97
9 52
9 82
9 23
9 90
10 67
10 15
10 16
10 92
10 18
10 84
10 21
10 28
10 32
10 80
10 36
10 37
10 38
10 41
10 82
10 47
10 52
10 54
10 60
10 61
10 63
11 67
11 68
11 75
11 14
11 17
11 21
11 23
11 71
11 27
11 90
11 69
11 34
11 91
11 36
11 42
11 43
11 78
11 50
11 57
11 63
12 68
12 75
12 76
12 13
12 16
12 23
12 88
12 25
12 90
12 28
12 29
12 94
12 96
12 97
12 98
12 35
12 37
12 92
12 43
12 47
12 48
12 49
12 60
12 63
13 80
13 70
13 30
14 65
14 18
14 19
14 20
14 55
14 24
14 83
14 59
15 91
15 71
15 44
15 45
15 79
15 16
15 82
15 19
15 89
15 58
15 27
15 31
16 86
16 40
16 44
16 39
16 77
16 48
16 19
16 20
16 22
16 88
16 25
16 26
16 92
16 42
16 30
17 78
18 33
18 85
18 38
18 39
18 74
19 72
19 46
19 20
19 24
19 52
19 27
19 85
20 32
20 35
20 33
20 73
20 99
20 52
20 58
20 37
21 24
22 32
22 65
22 71
22 81
22 55
22 40
22 83
22 56
22 87
22 23
22 24
22 25
22 26
22 59
22 28
23 72
23 34
23 43
23 54
23 41
23 56
24 80
24 72
24 95
25 64
25 68
25 70
25 45
25 94
25 26
25 30
25 31
26 37
26 65
26 81
26 84
26 27
26 86
26 62
27 41
27 49
27 52
27 53
27 79
27 60
27 58
30 65
30 36
30 38
30 64
30 84
30 53
30 70
30 31
31 49
31 95
32 51
32 85
32 71
32 88
32 42
32 62
33 71
33 93
34 68
34 69
34 76
34 66
34 79
34 75
34 87
34 92
34 61
34 95
35 86
35 42
36 65
36 96
36 77
36 53
36 54
36 87
36 57
36 93
37 64
37 68
37 39
37 75
37 77
37 46
37 81
37 62
38 86
38 45
39 66
40 51
42 48
42 72
42 78
42 50
42 51
42 46
42 92
44 51
44 46
45 64
45 49
45 82
45 57
45 70
46 48
46 96
46 79
47 89
47 55
50 54
50 89
51 99
51 84
51 55
51 58
52 99
54 67
56 59
56 81
57 73
57 85
58 91
59 67
59 87
59 73
59 63
60 80
60 98
60 62
61 97
62 69
63 69
63 76
63 94
64 98
65 74
67 89
67 73
68 81
68 74
69 77
71 94
72 98
72 93
74 90
76 83
76 88
79 84
88 93
88 95
95 96
