0 1
0 2
0 3
0 5
0 7
0 8
0 76
0 10
0 12
0 66
0 77
0 18
0 19
0 84
0 22
0 23
0 26
0 27
0 28
0 31
0 35
0 36
0 42
0 43
0 52
0 55
2 21
3 33
3 4
3 86
3 87
3 24
3 13
3 29
4 34
5 97
5 82
5 99
5 6
5 72
5 9
5 92
5 14
5 15
6 30
7 37
7 54
7 40
7 62
7 79
8 65
8 11
8 80
12 16
15 45
16 17
16 69
17 89
17 67
17 20
18 96
18 68
18 88
18 58
18 75
18 44
19 51
21 25
22 38
23 70
24 59
25 73
26 32
26 50
26 64
26 95
27 63
31 41
31 48
31 47
32 74
34 39
39 49
39 91
39 46
44 53
45 71
45 61
48 90
50 56
53 60
53 81
54 57
54 85
58 78
63 83
78 94
79 98
88 93
