0 3
1 32
1 66
1 3
1 4
1 6
1 104
1 14
1 15
1 16
1 19
1 52
1 53
1 24
1 27
1 31
2 84
2 67
2 3
2 4
2 5
2 102
2 55
2 68
2 60
2 101
2 63
3 4
3 5
3 6
3 7
3 8
3 9
3 10
3 11
3 12
3 14
3 18
3 20
3 23
3 93
3 95
3 33
3 35
3 37
3 41
3 43
3 52
3 105
3 57
3 59
3 70
3 62
4 5
4 6
4 7
4 8
4 9
4 10
4 75
4 66
4 77
4 15
4 21
4 25
4 26
4 27
4 28
4 95
4 96
4 36
4 70
4 108
4 109
4 48
4 79
4 55
4 85
5 65
5 76
5 11
5 12
5 13
5 51
5 20
5 21
5 23
5 26
5 28
6 7
6 9
6 11
6 12
6 15
6 75
6 19
6 89
6 96
6 34
6 38
6 39
6 40
6 43
6 18
6 47
6 49
6 51
6 56
6 109
7 69
7 8
7 106
7 13
7 47
7 17
7 87
7 29
7 30
8 51
8 101
8 37
8 10
8 13
8 46
8 50
8 19
8 20
8 54
8 87
8 25
8 59
8 86
8 36
9 48
9 98
9 103
9 93
9 78
10 32
10 33
10 34
10 102
10 108
10 76
10 45
10 14
10 79
10 35
10 53
10 89
10 87
10 88
10 36
10 29
10 94
10 85
11 33
11 67
11 68
11 39
11 45
11 17
11 21
11 94
11 31
12 98
12 68
12 72
12 73
12 107
12 46
12 16
12 17
12 50
12 84
12 53
12 22
12 23
12 24
12 54
12 70
12 29
12 63
13 76
13 101
13 31
14 83
14 41
15 16
15 22
15 65
15 88
15 57
15 44
15 77
15 89
16 18
16 49
16 28
16 42
16 45
16 62
17 38
17 41
17 60
18 71
18 104
18 42
18 61
18 46
19 64
19 24
20 30
20 22
21 64
21 50
21 35
21 100
21 44
22 73
22 25
22 26
22 43
23 34
23 39
23 42
24 48
24 81
24 92
24 27
25 66
25 67
25 52
25 74
25 44
27 32
27 82
27 97
27 40
28 86
28 91
28 30
29 100
31 37
33 90
33 71
33 40
33 92
33 77
34 83
34 38
34 103
36 64
36 81
36 100
36 62
37 49
37 69
37 56
38 88
38 94
39 54
40 95
40 47
41 96
41 65
41 55
41 57
41 92
41 99
42 107
44 83
44 61
44 63
45 81
47 72
47 105
47 58
47 93
48 58
48 80
49 56
50 91
51 60
52 74
52 107
52 108
52 61
53 80
53 82
53 59
53 78
54 91
55 58
56 98
56 84
56 104
56 78
57 80
57 105
57 71
57 74
57 106
59 99
59 75
62 97
63 82
66 69
66 72
66 106
66 79
67 73
71 97
75 86
76 85
79 99
80 90
81 90
93 103
101 102
103 109
