0 1
0 2
0 3
0 7
0 8
0 9
0 13
0 14
0 16
0 105
0 25
0 28
1 32
1 35
1 36
1 70
1 40
1 12
1 10
1 43
1 44
1 72
1 106
1 85
1 57
1 93
1 104
1 31
3 33
3 18
3 4
3 5
3 6
3 89
3 68
3 11
3 29
3 101
4 22
5 50
6 60
6 45
6 23
7 34
8 17
8 83
8 78
8 39
8 26
8 108
8 58
8 46
9 20
10 41
11 75
13 30
13 15
15 21
17 48
17 24
17 19
17 97
17 53
17 87
17 27
18 64
18 47
23 107
23 84
23 91
23 62
23 95
26 98
26 69
27 59
28 52
30 67
32 88
32 79
32 61
32 49
33 103
34 51
35 96
35 42
35 54
36 66
36 37
36 55
37 38
39 82
41 65
41 92
41 63
43 77
44 71
48 56
48 74
48 76
48 90
56 102
62 100
63 73
70 80
70 99
70 109
71 81
72 86
81 94
