0 5
0 6
0 7
0 62
0 28
0 10
0 27
0 12
0 26
0 30
0 29
1 11
1 68
1 5
1 6
1 39
1 8
1 9
1 74
1 7
1 80
1 17
1 18
1 51
1 23
1 93
1 62
2 68
2 5
2 6
2 7
2 9
2 10
2 12
2 14
2 16
2 17
2 19
2 21
2 89
2 28
2 30
2 80
2 35
2 104
2 92
2 43
2 45
2 48
2 50
2 53
2 73
2 59
2 60
2 61
3 16
3 5
3 24
3 9
3 95
3 11
3 12
3 79
4 66
4 5
4 6
4 8
4 10
4 75
4 12
4 77
4 17
4 82
4 20
4 21
4 22
4 25
4 26
4 27
4 92
4 31
4 101
4 39
4 44
4 72
4 50
4 54
4 55
5 6
5 7
5 8
5 9
5 10
5 11
5 12
5 13
5 14
5 15
5 19
5 84
5 85
5 24
5 25
5 90
5 27
5 28
5 29
5 36
5 37
5 103
5 106
5 45
5 93
5 47
5 52
5 56
5 57
6 7
6 8
6 9
6 13
6 14
6 16
6 17
6 18
6 22
6 24
6 25
6 27
6 31
6 32
6 34
6 36
6 38
6 40
6 41
6 43
6 47
6 49
6 50
6 51
6 52
6 59
6 61
6 64
6 67
6 70
6 75
6 77
6 80
6 81
6 94
6 95
6 97
6 108
6 109
7 59
7 36
7 33
7 8
7 64
7 10
7 44
7 15
7 48
7 17
7 20
7 22
7 58
7 47
7 29
7 37
8 31
8 11
8 79
8 16
8 18
8 20
8 21
8 24
8 89
8 26
8 101
8 30
8 69
8 98
8 99
8 37
8 40
8 42
8 44
8 82
8 56
8 59
9 73
9 74
9 11
9 13
9 15
9 83
9 23
9 91
9 69
9 34
9 35
9 70
9 38
9 39
9 40
9 105
9 46
9 48
9 50
9 53
9 58
10 73
10 44
10 13
10 15
10 18
10 105
10 85
10 89
10 24
10 36
10 28
11 34
11 102
11 42
11 13
11 16
11 19
11 25
11 26
11 27
12 64
12 102
12 96
12 106
12 83
12 77
12 14
12 15
12 81
12 19
12 78
12 22
12 60
13 33
13 75
13 80
13 41
13 14
13 48
13 20
13 54
13 26
13 58
14 32
14 106
14 79
14 29
14 23
14 91
14 61
14 37
15 32
15 67
15 38
15 104
15 86
15 21
16 65
16 38
16 42
16 108
16 46
16 18
16 20
16 22
16 87
16 25
16 75
16 69
17 95
18 98
18 36
18 76
18 46
18 72
18 19
18 53
18 95
18 29
18 30
18 63
19 33
19 107
19 38
19 105
19 98
19 81
19 84
19 21
19 55
19 102
19 31
20 48
20 91
20 100
20 55
21 35
21 101
21 103
21 74
21 55
21 78
21 47
21 23
21 31
21 92
21 63
22 99
22 54
22 41
22 23
22 70
23 32
23 57
23 88
23 30
23 93
23 63
24 64
24 88
24 97
24 58
24 109
25 32
25 64
25 72
25 80
25 42
25 79
25 49
25 50
25 56
25 88
25 62
26 34
26 86
26 39
26 108
26 77
26 49
26 54
26 56
26 58
26 60
27 65
27 34
27 40
27 41
27 28
27 70
28 65
28 74
28 66
28 93
28 87
28 56
28 98
28 60
29 33
29 44
29 94
29 85
30 35
30 54
30 105
30 90
30 43
31 33
31 101
31 73
31 45
31 46
31 82
31 41
31 100
31 53
32 66
32 47
32 57
32 71
32 43
32 94
33 105
33 106
33 108
33 52
33 90
33 59
33 61
33 94
34 35
34 37
34 78
34 43
34 52
34 84
34 69
35 55
35 71
35 76
36 97
36 83
36 104
36 57
36 76
38 96
38 86
38 39
38 94
39 68
39 40
39 42
39 61
40 99
40 52
40 87
40 60
42 51
42 98
42 97
42 76
42 45
42 83
42 57
42 93
43 49
43 107
43 78
43 102
43 91
43 101
44 66
44 67
44 45
44 46
44 77
44 51
44 90
44 63
46 68
46 89
47 65
47 82
47 72
47 73
47 109
48 49
48 51
48 70
48 103
48 71
48 67
49 96
49 65
49 103
49 106
49 108
49 109
49 79
49 85
49 88
49 92
49 63
50 53
50 86
52 84
52 75
55 67
55 83
55 76
56 87
57 71
57 74
58 69
58 62
59 68
59 86
59 66
60 91
60 78
61 99
61 62
61 72
62 103
63 97
65 96
66 71
66 104
66 90
68 85
71 109
72 81
72 88
73 107
74 104
75 100
77 81
78 96
78 82
78 95
79 107
80 87
82 100
83 84
84 89
89 107
89 92
91 99
94 100
98 102
