0 67
0 7
0 8
0 10
0 11
0 13
0 45
0 99
0 53
0 26
0 93
0 85
1 75
1 7
1 8
1 9
1 10
1 11
1 12
1 13
1 79
1 16
1 17
1 18
1 20
1 22
1 88
1 25
1 28
1 93
1 30
1 96
1 97
1 34
1 35
1 81
1 40
1 41
1 47
1 76
1 72
1 73
1 58
1 59
1 60
1 62
2 32
2 82
2 22
2 7
2 8
2 76
2 45
3 100
3 99
3 93
3 37
3 70
3 7
3 8
3 9
3 10
3 39
3 12
3 14
3 79
3 108
3 82
3 20
3 57
3 55
3 52
3 91
3 29
4 32
4 34
4 87
4 68
4 7
4 8
4 9
4 74
4 11
4 12
4 50
4 14
4 15
4 17
4 18
4 19
4 20
4 73
4 56
4 26
4 62
5 7
5 8
5 9
5 10
5 11
5 13
5 14
5 16
5 18
5 19
5 21
5 22
5 23
5 24
5 26
5 30
5 31
5 98
5 37
5 41
5 106
5 44
5 46
5 53
5 57
5 58
6 48
6 9
6 11
6 7
7 8
7 9
7 10
7 11
7 12
7 13
7 14
7 15
7 16
7 17
7 21
7 24
7 26
7 28
7 29
7 30
7 31
7 34
7 35
7 39
7 40
7 42
7 44
7 47
7 48
7 49
7 50
7 51
7 62
7 63
7 64
7 76
7 77
7 82
7 85
7 96
7 102
7 104
7 109
8 9
8 10
8 12
8 13
8 14
8 15
8 16
8 17
8 18
8 19
8 20
8 85
8 89
8 24
8 68
8 27
8 29
8 31
8 32
8 97
8 34
8 36
8 41
8 108
8 45
8 48
8 76
8 50
8 105
8 73
8 84
8 59
8 60
8 74
9 10
9 11
9 12
9 13
9 14
9 15
9 17
9 19
9 20
9 21
9 22
9 23
9 25
9 26
9 27
9 28
9 29
9 32
9 36
9 37
9 38
9 39
9 40
9 41
9 42
9 47
9 49
9 50
9 52
9 57
9 58
9 59
9 64
9 65
9 67
9 69
9 70
9 73
9 75
9 79
9 80
9 87
9 89
9 91
9 93
9 95
9 101
9 102
9 108
10 12
10 77
10 14
10 15
10 16
10 81
10 82
10 83
10 20
10 21
10 86
10 24
10 25
10 27
10 92
10 29
10 30
10 69
10 32
10 35
10 36
10 40
10 41
10 44
10 46
10 47
10 72
10 50
10 94
10 54
10 58
10 59
11 65
11 64
11 77
11 13
11 81
11 21
11 22
11 25
11 15
11 28
11 33
11 38
11 53
11 55
11 63
12 69
12 41
12 23
12 44
12 46
12 79
12 18
12 106
12 85
12 56
12 55
12 74
13 66
13 78
13 15
13 16
13 19
13 23
13 24
13 26
13 91
13 30
13 33
13 34
13 65
13 104
13 42
13 43
13 108
13 47
13 49
13 56
14 22
14 88
14 92
14 29
14 31
14 33
14 37
14 39
14 41
14 106
14 71
14 45
14 51
14 54
14 55
14 60
15 66
15 67
15 76
15 77
15 16
15 17
15 19
15 85
15 23
15 88
15 27
15 96
15 35
15 36
15 37
15 38
15 105
15 106
15 45
15 46
15 48
15 99
15 51
15 52
15 73
15 74
15 62
16 43
16 71
16 23
16 17
16 18
16 21
16 87
16 24
16 96
16 101
16 40
16 109
16 49
16 51
16 104
16 63
17 38
17 76
17 18
17 19
17 89
17 25
17 28
17 30
17 31
18 71
18 42
18 86
18 23
18 72
18 68
18 62
19 75
19 102
19 71
19 43
19 83
19 20
19 36
19 26
19 27
19 101
19 52
20 107
20 37
20 38
20 33
20 43
20 75
20 21
20 22
20 105
20 90
20 74
20 63
21 33
21 66
21 48
21 72
21 98
21 82
21 94
21 25
21 90
21 28
21 42
21 39
22 43
22 38
22 33
22 80
22 77
22 48
22 56
22 86
22 55
22 24
22 27
22 28
22 102
23 32
23 70
23 40
23 109
23 59
23 29
24 32
24 38
24 73
24 44
24 78
24 95
24 53
24 25
24 27
24 61
24 30
24 31
25 96
25 66
25 68
25 39
25 104
25 98
25 86
25 103
26 97
26 67
26 35
26 83
26 44
26 53
26 54
26 57
26 88
26 36
27 86
27 90
27 46
28 59
28 68
28 49
28 81
28 104
28 95
28 94
28 51
28 84
28 31
28 61
28 69
28 53
29 75
29 76
29 79
29 90
29 92
29 33
29 34
29 39
29 43
29 45
29 47
29 49
29 52
29 56
29 109
30 106
30 34
30 67
30 68
30 105
30 71
30 44
30 78
30 99
30 51
30 97
30 88
30 61
30 95
31 67
31 36
31 60
31 102
32 35
32 102
32 40
32 75
32 80
32 83
32 52
32 88
32 91
33 37
33 42
33 46
33 84
33 58
34 66
34 35
34 107
34 47
34 81
34 94
34 56
34 104
35 98
35 58
35 105
35 42
35 45
35 50
35 51
35 54
35 59
35 65
36 64
36 54
36 60
37 66
37 100
37 65
37 54
37 84
37 58
38 48
38 81
38 60
38 88
39 65
39 43
39 77
39 93
39 89
40 99
40 101
40 52
40 89
40 105
41 107
41 46
41 50
41 61
41 63
42 69
42 107
42 83
42 61
42 62
43 80
43 77
44 69
44 102
44 109
44 83
44 94
44 86
44 56
44 61
45 65
45 106
45 75
45 79
45 49
45 83
45 92
46 96
46 79
46 84
46 85
46 57
46 92
47 80
47 82
47 53
47 103
48 67
48 107
48 82
48 84
48 54
48 93
48 95
49 80
50 64
50 55
50 78
50 57
50 63
51 85
52 105
52 70
52 104
52 78
53 78
53 84
53 55
53 61
53 62
54 99
54 100
54 101
55 97
55 74
55 90
55 93
56 64
56 66
56 57
56 72
57 87
58 70
58 91
59 98
59 100
59 73
59 60
60 103
60 100
61 64
61 71
61 72
61 91
61 74
62 72
62 63
62 109
63 87
63 108
64 108
65 70
66 81
66 70
66 106
66 69
67 68
67 97
68 78
70 80
70 100
70 71
73 86
74 98
74 95
75 87
75 90
76 92
77 87
79 109
79 94
79 89
79 103
80 97
80 94
81 96
82 100
82 89
83 95
84 99
84 103
87 107
87 103
87 108
87 90
87 91
87 92
88 101
90 98
100 107
100 101
101 103
