0 5
0 6
0 7
0 9
0 77
0 46
0 116
0 118
0 57
0 26
0 27
0 60
0 58
1 67
1 5
1 7
1 10
1 44
1 45
1 47
1 17
1 19
1 118
1 23
1 24
1 88
1 15
1 93
2 67
2 5
2 6
2 41
2 10
2 12
2 14
2 47
2 48
2 108
2 74
2 21
2 9
2 27
2 70
2 29
2 94
2 63
3 75
3 5
3 6
3 7
3 8
3 9
3 10
3 11
3 12
3 78
3 16
3 17
3 82
3 107
3 22
3 23
3 24
3 25
3 103
3 28
3 94
3 31
3 33
3 35
3 36
3 37
3 39
3 43
3 49
3 113
3 118
3 58
4 32
4 99
4 5
4 6
4 7
4 8
4 13
4 47
4 116
4 86
4 91
4 95
5 86
5 6
5 8
5 74
5 11
5 14
5 80
5 17
5 18
5 20
5 85
5 22
5 34
5 35
5 101
5 39
5 105
5 42
5 108
5 72
5 50
5 115
6 38
6 7
6 8
6 42
6 39
6 13
6 14
6 81
6 116
6 55
6 91
6 92
6 29
6 31
7 98
7 8
7 9
7 10
7 119
7 12
7 13
7 77
7 15
7 19
7 20
7 78
7 24
7 89
7 26
7 27
7 28
7 29
7 95
7 84
7 34
7 91
7 100
7 70
7 38
7 93
7 64
7 42
7 46
7 47
7 113
7 50
7 83
7 55
7 56
7 57
7 60
7 74
8 64
8 65
8 66
8 9
8 10
8 11
8 13
8 18
8 21
8 22
8 87
8 32
8 33
8 35
8 100
8 102
8 40
8 41
8 42
8 82
8 73
8 112
8 104
8 51
8 74
8 55
8 119
8 61
9 64
9 68
9 69
9 11
9 12
9 13
9 14
9 80
9 18
9 25
9 27
9 28
9 29
9 31
9 97
9 38
9 44
9 52
9 53
9 119
10 37
10 65
10 11
10 76
10 34
10 15
10 16
10 40
10 114
10 62
10 22
10 39
10 58
10 30
10 85
11 87
11 12
11 15
11 48
11 49
11 19
11 41
11 23
11 26
11 30
12 110
12 115
12 16
12 17
12 82
12 51
12 117
12 54
12 89
12 88
12 25
12 61
13 97
13 99
13 106
13 44
13 45
13 14
13 15
13 48
13 49
13 18
13 20
13 21
13 23
13 36
13 92
14 78
14 16
14 17
14 18
14 84
14 22
14 24
14 27
14 92
14 31
14 33
14 37
14 41
14 42
14 115
14 52
14 53
14 54
14 88
14 117
14 106
14 63
15 107
15 40
15 111
15 16
15 49
15 20
15 21
15 55
15 56
15 116
15 92
15 95
16 96
16 73
16 109
16 29
16 76
16 113
16 19
16 57
16 90
16 28
16 61
16 31
17 98
17 38
17 97
17 110
17 44
17 77
17 46
17 48
17 114
17 83
17 85
18 32
18 34
18 35
18 40
18 76
18 82
18 19
18 53
19 43
19 36
19 65
19 82
19 50
19 49
19 51
19 20
19 21
19 24
19 25
19 26
19 81
19 62
19 52
20 66
20 68
20 102
20 104
20 76
20 43
20 44
20 108
20 117
20 57
20 71
20 79
20 60
20 63
21 99
21 66
21 26
21 43
22 51
22 34
22 35
22 38
22 119
22 45
22 72
22 114
22 46
22 23
22 56
22 93
22 37
23 103
23 78
23 80
23 56
23 25
23 59
23 93
23 30
24 66
24 68
24 69
24 73
24 39
24 48
24 75
24 28
25 53
25 70
25 58
25 101
26 32
26 33
26 61
26 111
26 90
26 103
26 58
26 30
27 33
27 30
27 106
27 75
28 51
28 36
28 37
29 68
29 36
29 88
29 109
30 32
30 83
30 60
31 116
31 105
31 72
31 111
31 95
32 90
32 59
32 45
33 67
33 71
33 40
33 41
33 115
33 52
33 110
33 94
34 81
34 106
34 50
34 77
34 69
35 71
35 83
35 59
35 86
35 91
36 109
36 47
37 64
37 102
37 72
37 43
37 79
37 84
37 85
37 54
37 57
38 107
38 70
39 68
39 102
40 66
40 67
40 102
40 50
40 79
40 84
40 54
41 65
41 75
41 45
41 94
41 89
41 71
41 59
41 62
42 111
42 90
42 46
42 108
42 61
42 69
43 101
44 119
45 100
45 56
46 84
46 53
46 89
46 79
47 81
47 104
48 75
48 71
49 65
49 105
50 80
50 86
50 83
50 60
50 93
50 69
51 99
51 52
51 105
51 87
52 87
53 105
53 54
53 55
53 108
53 114
54 88
54 104
54 101
55 64
55 112
55 98
55 110
55 62
56 98
56 117
56 111
56 74
57 107
57 92
57 59
57 76
57 85
58 99
58 112
58 78
58 63
59 96
59 67
59 62
59 63
60 94
60 72
60 90
60 77
61 113
61 100
64 86
67 97
67 70
67 73
68 73
70 80
70 96
71 97
71 89
71 106
74 103
75 114
75 79
77 101
79 81
80 96
83 109
84 112
84 91
84 100
85 96
85 104
86 87
88 109
90 95
91 98
96 112
99 107
101 113
101 118
101 103
105 115
107 118
109 110
112 117
