0 32
0 45
0 43
0 36
0 38
0 7
0 8
0 9
0 42
0 11
0 109
0 13
0 14
0 15
0 104
0 19
0 21
0 73
0 41
0 89
0 28
1 32
1 68
1 38
1 7
1 40
1 12
1 43
1 44
1 45
1 78
1 8
1 53
1 87
1 60
1 29
2 24
2 26
2 77
2 22
2 7
3 61
3 7
3 8
3 9
3 42
3 71
3 13
3 110
3 15
3 18
3 19
3 88
3 25
3 60
3 10
4 65
4 66
4 69
4 7
4 8
4 9
4 10
4 11
4 13
4 14
4 16
4 83
4 21
4 23
4 88
4 30
4 31
4 39
4 106
4 44
4 47
4 113
4 54
4 59
5 96
5 97
5 7
5 8
5 9
5 10
5 13
5 80
5 17
5 50
5 19
5 20
5 22
5 25
5 62
6 66
6 67
6 68
6 7
6 8
6 9
6 10
6 11
6 12
6 13
6 14
6 15
6 16
6 71
6 18
6 19
6 84
6 21
6 23
6 24
6 26
6 111
6 92
6 93
6 33
6 36
6 81
6 40
6 106
6 43
6 47
6 53
6 59
7 8
7 9
7 10
7 11
7 12
7 13
7 14
7 15
7 16
7 17
7 18
7 20
7 22
7 23
7 24
7 28
7 29
7 30
7 32
7 34
7 37
7 38
7 46
7 51
7 52
7 54
7 57
7 62
7 72
7 78
7 82
7 83
7 84
7 90
7 95
7 102
7 118
8 66
8 9
8 10
8 11
8 12
8 13
8 16
8 82
8 21
8 24
8 68
8 27
8 28
8 30
8 95
8 32
8 33
8 35
8 39
8 80
8 96
8 44
8 45
8 46
8 76
8 49
8 91
8 52
8 94
9 65
9 73
9 10
9 11
9 12
9 14
9 18
9 67
9 20
9 89
9 90
9 111
9 28
9 29
9 69
9 33
9 34
9 118
9 101
9 112
9 108
9 47
9 76
9 72
9 50
9 116
9 117
9 54
9 55
10 11
10 12
10 14
10 15
10 17
10 18
10 19
10 20
10 22
10 23
10 90
10 118
10 30
10 32
10 97
10 35
10 36
10 101
10 43
10 82
10 48
10 115
10 54
10 55
10 60
10 61
11 66
11 69
11 75
11 12
11 78
11 80
11 17
11 18
11 19
11 21
11 24
11 89
11 26
11 27
11 28
11 93
11 30
11 31
11 96
11 36
11 39
11 41
11 42
11 71
11 108
11 111
11 112
11 72
11 50
11 115
11 57
11 58
11 61
11 85
12 69
12 76
12 16
12 17
12 85
12 23
12 104
12 28
12 29
12 94
12 33
12 99
12 37
12 65
12 40
12 92
12 108
12 110
12 49
12 50
12 51
12 52
12 57
13 79
13 75
13 14
13 15
13 16
13 99
13 20
13 22
13 88
13 26
13 27
13 86
13 33
13 34
13 35
13 39
13 80
13 44
13 111
13 49
13 50
13 53
14 65
14 55
14 15
14 16
14 84
14 21
14 22
14 87
14 24
14 89
14 26
14 91
14 92
14 34
14 102
14 104
14 45
14 48
14 74
14 117
14 118
14 73
14 119
14 61
14 63
15 64
15 68
15 86
15 17
15 18
15 19
15 20
15 22
15 88
15 111
15 28
15 93
15 37
15 38
15 40
15 41
15 42
15 109
15 47
15 112
15 49
15 115
15 102
16 64
16 115
16 76
16 17
16 110
16 87
16 26
16 29
16 101
16 112
16 98
16 99
16 37
16 38
16 104
16 41
16 107
16 108
16 46
16 48
16 113
16 50
16 51
16 117
16 105
16 56
16 70
16 63
17 66
17 100
17 20
17 21
17 27
17 93
17 31
18 67
18 82
18 85
18 23
18 89
18 92
18 30
18 96
18 35
18 41
18 109
18 111
18 25
18 53
18 59
19 65
19 66
19 80
19 88
19 84
19 89
19 24
19 25
19 26
19 93
19 69
19 97
19 36
19 70
19 104
19 95
19 108
19 45
19 47
19 112
19 113
19 114
19 53
19 54
19 58
19 59
19 62
19 63
20 76
20 78
20 99
20 23
20 25
20 93
20 95
20 33
20 35
20 39
20 41
20 103
20 29
20 116
20 73
20 57
20 62
21 64
21 43
21 38
21 40
21 74
21 47
21 51
21 56
21 27
21 70
21 62
21 63
22 107
22 34
22 86
22 25
22 60
23 64
23 72
23 77
23 88
23 25
23 92
23 94
23 33
23 34
23 99
23 38
23 97
23 107
23 44
23 114
23 46
23 48
23 49
23 50
23 119
23 59
23 61
24 32
24 67
24 40
24 73
24 44
24 79
24 92
24 54
24 56
24 81
24 31
25 83
25 103
25 76
25 45
25 35
25 52
25 27
25 30
25 69
26 69
26 97
26 80
26 81
26 85
26 100
26 27
26 29
26 31
26 32
26 36
26 101
26 44
26 46
26 56
26 57
26 58
26 60
27 46
27 61
28 34
28 37
28 39
28 74
28 66
28 98
28 40
28 52
28 43
28 56
28 49
28 47
28 118
28 31
29 98
29 104
29 36
29 31
30 119
30 110
31 97
31 81
31 41
31 55
31 93
31 112
31 114
31 90
31 87
31 103
32 75
32 37
32 42
32 71
32 45
32 107
32 106
32 61
32 62
32 95
33 72
33 106
33 55
33 79
33 48
33 82
33 73
33 108
33 94
34 67
34 103
34 79
34 35
34 86
35 84
35 65
35 98
35 81
35 105
35 42
35 77
35 49
35 85
35 58
35 60
35 117
36 96
36 37
36 39
36 70
36 88
36 59
36 60
37 64
37 42
37 52
37 54
37 94
38 64
38 112
38 77
38 51
38 56
39 48
40 83
40 43
41 53
41 68
41 117
41 98
42 71
42 105
42 59
42 46
43 98
43 68
43 101
43 72
43 56
44 102
44 65
45 100
45 87
45 48
45 57
45 119
46 64
46 67
46 100
46 70
46 55
46 51
46 53
46 74
48 76
48 81
48 83
48 57
48 91
48 106
49 51
49 75
50 68
50 75
50 78
50 107
50 52
50 86
50 55
50 90
51 96
51 58
51 87
51 108
52 70
52 87
52 79
53 82
53 98
54 96
54 58
54 63
56 72
56 74
56 84
56 116
56 58
57 106
57 102
57 84
58 71
58 74
58 90
58 62
58 63
59 73
60 104
60 105
60 85
60 77
61 100
61 113
61 77
62 114
62 70
62 63
62 77
63 71
63 119
63 110
64 83
64 116
65 67
65 107
66 103
66 75
66 78
66 115
66 113
66 94
67 105
67 103
67 74
67 75
68 91
68 78
69 86
70 106
70 94
71 79
71 90
71 95
72 81
73 99
73 86
73 113
73 79
74 99
74 82
74 115
74 116
74 85
76 110
77 113
77 105
78 105
79 80
79 91
80 100
80 89
80 109
81 83
81 95
84 101
85 100
85 91
86 102
87 102
87 116
87 109
88 114
89 119
90 97
90 91
90 114
90 119
91 92
92 103
93 101
93 118
94 109
96 110
98 115
98 117
99 107
102 109
104 114
104 117
108 118
110 111
115 116
