0 68
0 1
0 2
0 3
0 4
0 5
0 70
0 72
0 9
0 10
0 12
0 13
0 15
0 16
0 83
0 21
0 22
0 88
0 25
0 26
0 91
0 92
0 29
0 31
0 32
0 34
0 102
0 38
0 104
0 109
0 48
0 76
0 114
0 51
0 52
0 117
0 54
0 57
1 14
2 17
3 80
3 99
3 39
3 8
3 44
4 64
4 98
4 35
4 6
4 97
4 75
4 20
4 23
4 7
4 90
4 61
6 41
8 11
8 36
10 103
10 71
11 110
14 18
14 84
14 66
16 24
16 45
16 85
16 33
17 19
17 74
17 42
17 46
19 62
19 30
20 56
20 87
20 47
22 59
24 58
24 27
24 28
24 37
25 63
27 49
27 50
27 115
27 108
28 107
30 40
30 82
31 101
32 111
32 55
40 81
42 43
44 60
49 79
50 53
51 73
51 86
55 65
59 118
59 67
59 94
59 93
62 113
62 106
62 69
62 78
67 77
69 96
69 89
69 105
70 116
70 95
80 119
85 112
93 100
