0 3
0 68
0 69
0 6
0 8
0 10
0 11
0 76
0 78
0 15
0 17
0 99
0 23
0 24
0 4
0 29
0 31
0 35
0 25
0 59
0 60
0 61
0 62
1 66
1 3
1 37
1 72
1 11
1 45
1 14
1 13
1 81
1 85
1 86
1 31
1 28
1 5
2 65
2 98
2 3
2 4
2 7
2 40
2 73
2 44
2 77
2 14
2 80
2 8
2 50
2 23
2 90
2 30
3 4
3 5
3 6
3 8
3 9
3 10
3 13
3 15
3 16
3 18
3 19
3 21
3 25
3 26
3 27
3 28
3 30
3 34
3 35
3 36
3 41
3 43
3 46
3 47
3 49
3 61
3 64
3 69
3 70
3 71
3 72
3 78
3 82
3 84
3 85
3 88
3 89
3 92
3 96
3 103
3 105
3 108
4 5
4 6
4 7
4 9
4 11
4 109
4 79
4 113
4 83
4 21
4 22
4 56
4 117
4 28
4 102
4 63
5 70
5 7
5 91
5 9
5 42
5 12
5 14
5 15
5 80
5 50
5 83
5 21
5 22
5 23
5 68
5 59
6 54
6 55
6 63
7 65
7 67
7 41
7 74
7 107
7 98
7 51
7 52
7 117
7 88
7 116
7 58
7 90
7 62
8 106
8 100
8 38
8 103
8 10
8 50
8 46
8 79
8 16
8 17
8 18
8 51
8 53
8 115
8 24
8 93
9 33
9 34
9 41
9 13
9 47
9 112
9 19
9 22
9 69
9 62
9 63
10 12
10 96
11 17
11 40
11 12
11 110
11 49
11 114
11 20
11 87
11 29
12 36
12 119
12 31
13 20
13 54
13 38
13 55
13 104
13 44
13 94
14 16
14 89
14 26
14 91
14 44
15 32
15 34
15 36
15 71
15 73
15 74
15 39
15 76
15 113
15 18
15 19
15 84
15 55
16 64
16 97
16 68
16 37
16 74
16 46
16 111
16 80
16 82
16 27
16 53
17 40
17 43
17 101
17 32
17 73
17 47
18 49
18 66
18 35
18 20
18 101
18 78
19 56
19 52
20 33
20 118
20 39
20 93
21 32
21 65
21 38
21 39
21 108
21 81
21 51
21 24
21 25
21 29
21 100
22 106
22 42
22 77
22 52
23 48
23 99
23 104
23 89
25 33
25 87
25 96
25 26
25 91
26 107
26 59
26 75
26 37
26 42
26 27
27 112
28 111
28 61
28 30
28 109
29 54
29 53
30 57
30 60
32 88
32 83
34 97
34 45
35 101
35 86
35 57
37 81
37 48
37 64
37 108
38 45
38 115
39 43
39 94
40 100
40 119
42 60
43 67
43 105
44 93
45 90
46 48
46 66
46 58
46 106
47 71
47 57
47 76
51 56
51 116
51 95
52 86
52 58
52 79
53 99
53 67
53 102
53 112
54 75
56 97
56 114
56 70
56 107
59 75
60 82
60 84
60 105
60 92
62 117
62 103
62 77
67 104
67 118
70 109
71 72
71 102
73 110
75 85
76 113
76 92
79 94
80 118
80 87
82 95
84 95
91 115
92 98
99 114
101 116
105 119
108 111
108 110
