0 5
0 6
0 7
0 9
0 10
0 75
0 12
0 14
0 79
0 16
0 17
0 22
0 24
0 86
0 69
0 33
0 34
0 38
0 92
0 42
0 44
0 51
0 126
0 119
0 62
1 33
1 123
1 5
1 24
1 27
1 15
2 35
2 5
2 6
2 7
2 8
2 119
2 10
2 11
2 78
2 46
2 15
2 48
2 18
2 83
2 21
2 23
2 47
3 97
3 98
3 36
3 5
3 6
3 7
3 8
3 41
3 10
3 12
3 14
3 48
3 51
3 21
3 55
3 89
3 85
4 34
4 116
4 5
4 22
4 71
4 104
4 25
4 6
4 26
4 14
4 31
5 6
5 7
5 8
5 9
5 10
5 11
5 13
5 16
5 17
5 18
5 20
5 21
5 22
5 23
5 24
5 25
5 26
5 27
5 28
5 31
5 33
5 37
5 38
5 44
5 45
5 47
5 50
5 51
5 60
5 61
5 63
5 73
5 77
5 82
5 86
5 88
5 91
5 93
5 94
5 95
5 98
5 104
5 105
5 108
5 112
5 121
5 125
5 126
6 128
6 7
6 8
6 9
6 11
6 12
6 13
6 103
6 15
6 17
6 18
6 84
6 85
6 89
6 27
6 30
6 32
6 39
6 40
6 41
6 42
6 43
6 45
6 110
6 115
6 52
6 59
7 8
7 9
7 10
7 11
7 13
7 15
7 17
7 19
7 23
7 26
7 30
7 32
7 37
7 39
7 40
7 42
7 44
7 45
7 46
7 53
7 54
7 60
7 63
7 64
7 66
7 76
7 77
7 78
7 79
7 84
7 88
7 99
7 101
7 103
7 107
7 110
7 113
7 118
7 123
8 9
8 74
8 11
8 12
8 13
8 14
8 79
8 19
8 20
8 21
8 23
8 111
8 90
8 91
8 29
8 30
8 34
8 70
8 39
8 47
8 56
9 65
9 74
9 16
9 81
9 19
9 89
9 28
9 93
9 32
9 36
9 38
9 17
9 109
9 29
9 49
9 113
9 53
9 58
9 125
10 64
10 35
10 100
10 38
10 99
10 113
10 18
10 53
10 23
10 88
10 28
11 64
11 12
11 13
11 14
11 16
11 20
11 85
11 27
11 28
11 118
11 32
11 33
11 41
11 42
11 43
11 108
11 48
11 50
11 54
11 58
11 106
11 62
12 32
12 37
12 71
12 40
12 44
12 35
12 20
12 56
12 57
12 122
12 95
13 114
13 52
13 41
13 108
13 117
13 21
14 34
14 102
14 81
14 74
14 15
14 16
14 59
14 20
14 22
14 55
14 90
14 27
15 99
15 129
15 72
15 41
15 45
15 78
15 80
15 25
15 58
15 124
16 18
16 19
16 24
16 26
16 109
17 116
17 126
17 128
17 45
17 79
17 82
17 19
17 52
17 85
17 22
17 24
17 84
17 26
17 29
17 30
17 31
18 68
18 100
18 36
18 104
18 75
18 46
18 47
18 51
18 25
18 59
18 106
18 30
19 66
19 68
19 69
19 103
19 109
19 47
19 28
19 62
20 73
20 74
20 110
20 46
20 48
20 82
20 116
20 57
20 25
20 121
20 119
21 128
21 36
21 70
21 39
21 43
21 76
21 111
21 49
21 127
21 81
21 29
21 63
22 66
22 102
22 39
22 87
22 109
22 61
22 78
22 55
22 57
22 29
22 63
23 35
23 73
23 43
23 111
23 112
23 49
23 75
23 105
23 55
23 122
23 95
23 37
24 77
24 126
24 31
25 72
26 66
26 40
26 58
26 122
26 62
27 96
27 36
27 43
27 79
27 48
27 83
27 121
27 68
27 60
27 100
28 50
28 38
28 55
29 50
29 83
29 56
29 86
29 82
30 123
30 35
30 90
30 87
30 65
30 31
31 54
31 49
31 89
31 44
31 108
32 33
32 53
33 34
33 83
33 56
34 59
34 37
34 110
34 46
34 111
34 81
34 91
34 61
35 112
35 73
35 87
35 76
35 80
35 85
35 121
36 64
36 97
36 68
36 129
37 97
37 40
37 42
37 53
37 118
37 90
37 60
37 61
38 65
38 95
38 92
38 91
38 69
39 72
39 52
39 62
40 98
40 54
41 114
42 49
42 71
42 113
42 58
43 87
43 86
43 118
44 96
45 67
45 100
45 127
46 80
46 127
46 125
47 50
47 73
47 57
47 67
47 76
47 77
48 51
48 123
48 103
48 56
48 84
49 52
49 59
49 74
50 67
50 70
50 60
50 77
51 54
51 107
51 70
52 67
52 100
52 116
52 71
53 113
53 123
53 128
53 107
54 64
54 115
54 102
54 106
55 66
55 68
55 69
55 71
55 124
55 57
55 122
55 61
55 94
56 70
56 65
56 76
56 75
57 97
57 83
57 69
57 129
57 92
57 107
58 96
58 91
59 99
59 82
59 81
59 90
59 92
59 111
60 65
60 127
60 63
60 92
61 80
61 120
61 105
61 122
61 117
61 93
62 96
62 72
62 112
62 94
63 114
63 88
63 119
63 75
66 67
66 72
66 109
66 78
67 115
67 89
67 124
69 110
70 80
70 98
70 125
71 128
71 101
71 94
71 127
72 98
73 101
74 84
74 117
74 120
74 129
75 86
76 104
76 103
76 87
78 120
79 95
80 102
82 107
82 104
82 93
83 115
83 88
83 106
83 108
83 93
86 112
86 114
86 102
86 117
87 124
88 120
89 96
89 97
89 101
90 105
91 101
93 94
94 99
95 121
95 105
95 117
96 116
98 129
98 106
101 114
101 118
108 115
110 119
115 120
118 124
122 126
123 125
