0 1
0 2
0 11
1 116
1 20
1 69
1 22
2 100
2 3
2 4
2 5
2 6
2 8
2 10
2 76
2 46
2 89
2 80
2 114
2 84
2 21
2 54
2 23
2 24
2 57
2 92
2 94
3 9
3 63
4 18
5 49
5 28
5 125
5 30
5 15
6 34
6 35
6 102
6 38
6 7
6 40
6 12
6 45
6 48
6 17
6 118
6 19
6 86
6 56
6 25
6 47
6 29
6 95
9 73
10 64
10 129
10 126
10 26
10 13
10 110
10 61
11 59
12 58
13 16
13 74
13 14
14 51
14 52
14 87
14 88
14 42
14 27
14 93
14 31
15 32
15 104
15 66
16 91
16 36
17 70
19 41
19 43
19 68
19 121
20 55
23 75
25 33
25 111
25 37
25 71
27 65
27 50
29 77
30 128
30 39
34 113
34 53
34 119
34 44
34 109
34 101
35 67
35 79
37 72
38 120
38 115
42 108
42 78
43 62
48 107
52 97
54 60
55 85
57 96
60 123
62 103
64 117
65 90
66 99
67 83
68 124
74 81
75 82
80 122
89 106
92 105
96 98
99 127
103 112
