0 67
0 69
0 7
0 8
0 9
0 74
0 11
0 14
0 17
0 21
0 87
0 95
0 123
0 40
0 43
0 44
0 45
0 50
0 52
0 73
0 120
0 57
0 31
0 126
1 97
1 66
1 36
1 37
1 7
1 11
1 86
1 14
1 47
1 17
1 20
1 22
1 89
1 15
1 28
1 61
1 127
2 33
2 82
2 7
2 40
2 41
2 10
2 107
2 45
2 109
2 8
2 50
2 105
2 9
2 56
2 25
3 70
3 7
3 8
3 9
3 10
3 11
3 12
3 13
3 79
3 92
3 17
3 18
3 20
3 24
3 28
3 93
3 31
3 96
3 99
3 101
3 39
3 104
3 41
3 71
3 108
3 45
3 51
3 53
3 54
3 125
4 51
4 100
4 37
4 7
4 8
4 9
4 107
4 44
4 129
4 15
4 48
4 19
4 118
4 24
4 127
5 128
5 102
5 7
5 8
5 9
5 10
5 12
5 114
5 14
5 47
5 56
5 18
5 19
5 87
5 24
5 58
5 91
5 95
6 65
6 7
6 8
6 10
6 13
6 77
6 80
6 17
6 83
6 21
6 24
6 79
6 32
6 35
6 40
6 106
6 43
6 113
6 115
6 53
6 57
6 63
7 8
7 9
7 10
7 11
7 12
7 13
7 14
7 15
7 16
7 17
7 21
7 22
7 23
7 25
7 33
7 34
7 36
7 38
7 39
7 43
7 46
7 47
7 48
7 128
7 53
7 55
7 59
7 69
7 75
7 76
7 80
7 81
7 89
7 94
7 97
7 98
7 107
7 113
7 115
7 120
7 125
8 9
8 10
8 11
8 12
8 13
8 14
8 109
8 17
8 18
8 67
8 21
8 23
8 25
8 27
8 29
8 33
8 98
8 35
8 36
8 70
8 102
8 40
8 43
8 78
8 45
8 49
8 74
8 54
8 56
8 121
8 61
9 123
9 10
9 11
9 12
9 13
9 15
9 16
9 115
9 20
9 24
9 26
9 92
9 29
9 30
9 31
9 99
9 36
9 39
9 43
9 48
9 72
9 51
9 52
9 59
9 125
9 62
9 63
10 11
10 12
10 14
10 16
10 18
10 19
10 21
10 23
10 83
10 26
10 75
10 29
10 94
10 32
10 80
10 35
10 113
10 38
10 39
10 112
10 42
10 93
10 48
10 99
10 51
10 56
10 85
11 69
11 75
11 12
11 13
11 77
11 15
11 81
11 18
11 67
11 78
11 22
11 25
11 26
11 86
11 98
11 35
11 102
11 65
11 92
11 107
11 76
11 49
11 123
11 53
11 54
11 59
11 60
11 63
12 64
12 65
12 13
12 14
12 15
12 16
12 115
12 83
12 20
12 21
12 25
12 26
12 27
12 28
12 95
12 33
12 34
12 36
12 101
12 38
12 103
12 71
12 110
12 111
12 49
12 79
12 63
13 32
13 34
13 36
13 70
13 77
13 16
13 104
13 18
13 23
13 88
13 100
13 71
13 95
14 75
14 64
14 15
14 16
14 17
14 19
14 20
14 78
14 22
14 23
14 30
14 96
14 33
14 36
14 41
14 43
14 44
14 109
14 48
14 50
14 117
14 118
14 119
15 34
15 37
15 33
15 45
15 111
15 16
15 76
15 82
15 19
15 56
15 57
15 101
16 128
16 65
16 67
16 19
16 20
16 86
16 23
16 25
16 90
16 27
16 93
16 98
16 37
16 38
16 106
16 76
16 49
16 55
16 56
16 121
16 63
17 22
17 77
17 18
17 84
17 86
17 24
17 27
17 28
17 97
17 37
17 40
17 109
17 117
17 56
17 60
17 125
18 76
18 19
18 22
18 24
18 26
18 91
18 28
18 90
18 96
18 44
18 47
18 51
18 117
18 55
18 59
18 124
18 63
19 128
19 129
19 67
19 72
19 73
19 75
19 76
19 99
19 20
19 21
19 22
19 68
19 92
19 32
19 35
19 40
19 42
19 46
19 111
20 34
20 38
20 112
20 122
20 52
20 46
20 23
20 90
20 59
20 60
20 29
20 30
20 31
21 35
21 68
21 70
21 29
21 80
21 74
21 86
21 88
21 47
21 124
21 61
21 62
21 101
22 35
22 114
22 105
22 106
22 50
22 85
22 43
22 119
22 28
22 30
22 63
23 74
23 54
23 119
23 25
23 52
23 29
23 30
23 31
24 65
24 129
24 78
24 46
24 53
24 26
24 27
24 58
25 64
25 96
25 73
25 66
25 79
25 122
25 89
25 26
25 27
25 29
25 30
25 31
25 32
25 97
25 34
25 87
25 113
25 102
25 103
25 41
25 42
25 112
25 49
25 116
25 118
25 119
25 121
25 58
25 59
25 125
26 66
26 68
26 98
26 77
26 81
26 87
26 91
26 28
26 34
26 27
26 39
26 42
26 53
26 54
26 88
27 100
27 81
27 73
27 55
27 52
27 57
27 58
27 94
28 105
28 42
28 82
28 79
28 30
29 84
29 33
29 41
29 127
29 104
29 69
29 31
29 61
29 62
29 37
30 32
30 38
30 106
30 73
30 47
30 49
30 117
31 32
31 66
31 39
31 125
31 47
31 41
32 112
32 65
32 50
32 55
33 67
33 101
33 42
33 80
33 72
33 58
33 62
34 75
34 46
34 50
34 78
34 118
34 121
34 103
34 39
35 64
35 44
35 78
35 120
35 88
35 74
36 66
36 68
36 51
36 84
36 37
36 38
36 108
36 45
36 110
36 44
36 49
36 115
36 116
36 117
36 60
36 127
37 69
37 41
37 52
37 53
37 105
37 94
38 48
38 69
38 70
38 114
38 54
38 91
38 42
39 51
39 40
39 59
40 64
40 72
40 106
40 46
40 90
40 60
41 70
41 44
41 77
41 113
41 117
41 57
41 92
42 80
42 85
42 61
43 64
43 99
43 100
43 124
43 126
44 66
44 103
44 110
44 109
44 45
44 50
44 115
44 85
44 121
44 68
44 95
45 46
45 48
45 52
45 116
45 58
45 60
45 62
46 105
46 84
46 55
47 97
47 68
47 116
47 74
48 75
48 76
48 77
48 86
48 119
48 58
48 124
48 94
49 104
49 83
49 87
49 120
49 93
50 96
50 71
50 82
50 84
50 90
50 92
50 101
50 102
50 103
50 124
50 107
50 109
50 54
50 55
50 122
50 60
50 62
50 127
51 57
51 120
51 108
51 90
52 127
52 109
52 110
52 61
53 96
53 66
53 68
53 79
53 81
53 57
53 93
53 69
54 107
54 104
54 124
55 121
55 103
55 89
55 71
56 128
57 112
57 83
57 71
58 81
58 61
59 64
59 70
59 86
59 89
59 123
60 97
60 82
60 78
60 84
60 62
61 99
61 65
61 110
61 80
61 89
62 88
63 81
63 73
63 72
64 67
64 72
64 111
65 82
65 99
65 71
65 95
66 92
66 100
66 108
66 85
67 116
67 84
67 120
67 89
67 91
67 127
68 122
68 87
68 72
69 117
69 110
70 91
70 105
70 118
70 111
71 73
72 85
72 74
72 101
73 94
73 87
74 108
74 93
75 107
75 100
75 83
75 79
75 88
75 121
75 123
75 93
75 95
76 104
76 82
77 98
77 88
77 96
77 111
78 97
80 114
80 123
80 129
80 111
81 83
81 125
81 94
82 98
82 105
83 113
84 85
86 122
86 118
87 113
87 90
88 106
88 114
88 102
89 91
89 116
89 102
91 115
92 112
92 108
93 128
93 103
93 108
93 126
94 104
95 100
95 119
95 110
96 106
96 126
97 128
97 126
101 122
103 116
103 124
104 123
105 112
109 114
112 129
112 114
112 118
112 122
112 126
113 120
116 129
116 119
124 129
125 126
