0 3
0 20
0 119
1 98
1 3
1 4
1 5
1 70
1 7
1 10
1 39
1 13
1 14
1 109
1 99
1 82
1 19
1 84
1 117
1 86
1 120
1 89
1 62
2 65
2 66
2 3
2 4
2 6
2 7
2 8
2 9
2 11
2 12
2 13
2 15
2 16
2 18
2 19
2 20
2 21
2 86
2 23
2 88
2 68
2 29
2 30
2 87
2 121
2 38
2 39
2 40
2 41
2 107
2 82
2 129
2 76
2 99
2 83
2 94
2 54
2 73
2 120
2 57
2 58
2 60
2 85
3 67
3 4
3 5
3 6
3 97
3 8
3 9
3 11
3 75
3 19
3 57
3 22
3 23
3 55
3 95
3 69
3 31
4 5
4 6
4 7
4 72
4 9
4 74
4 75
4 76
4 13
4 14
4 15
4 80
4 115
4 18
4 20
4 26
4 27
4 28
4 90
4 30
4 31
4 34
4 37
4 103
4 40
4 92
4 42
4 48
4 49
4 50
4 51
4 54
4 84
4 59
4 60
4 61
4 126
4 127
5 32
5 8
5 10
5 43
5 12
5 110
5 15
5 16
5 79
5 21
5 88
5 100
5 27
5 106
5 85
6 118
6 10
6 43
6 45
6 14
6 11
6 17
6 18
6 66
6 62
6 50
6 26
6 122
6 30
7 64
7 21
7 22
7 23
7 24
7 109
7 31
8 16
8 24
9 33
9 37
9 73
9 78
9 22
9 105
9 36
9 27
9 118
9 63
10 67
10 38
10 71
11 96
11 38
11 75
11 12
11 45
11 46
11 17
11 50
11 110
11 114
11 28
11 29
11 62
13 105
13 44
13 34
13 47
13 113
13 117
13 54
13 121
13 61
14 25
14 58
14 111
15 126
15 77
16 32
16 17
16 83
16 68
16 105
16 33
16 25
16 41
17 84
17 69
17 55
17 108
17 70
17 29
17 46
18 64
18 71
18 58
18 123
19 32
19 53
19 35
19 71
19 77
19 125
20 24
20 47
21 98
21 35
21 36
21 108
21 44
21 45
21 26
21 28
21 95
22 36
22 108
22 52
23 56
23 41
23 106
23 78
24 48
24 129
24 123
24 69
24 73
24 25
24 42
24 55
25 56
25 52
25 111
26 64
26 33
26 34
26 35
26 65
26 80
26 96
26 113
26 48
26 49
26 57
26 124
26 125
26 94
26 63
27 113
28 81
29 51
29 49
29 74
29 114
32 65
32 40
32 46
33 39
33 59
33 90
34 82
35 114
35 67
35 123
36 112
36 83
36 68
36 53
36 37
37 100
37 117
37 109
38 128
39 53
39 120
39 87
39 44
39 93
39 101
40 42
40 107
40 78
42 59
42 43
42 76
42 77
43 81
43 56
43 104
43 91
43 90
43 47
44 85
44 107
44 125
45 51
47 88
47 72
47 60
47 63
49 52
51 81
51 66
51 129
52 116
52 74
52 122
53 115
54 61
55 80
55 102
55 127
58 116
58 70
59 93
60 86
61 104
61 72
61 124
61 79
65 110
67 101
67 103
67 89
67 122
69 128
69 116
69 106
69 92
69 95
71 102
72 87
72 121
72 91
74 97
74 92
74 79
76 89
77 128
79 103
81 91
81 94
82 97
84 115
90 96
90 118
90 102
90 93
90 126
92 112
92 101
95 98
97 99
98 100
99 112
100 104
103 119
104 127
104 119
110 111
111 124
