0 68
0 96
0 66
0 3
0 4
0 5
0 6
0 7
0 8
0 9
0 10
0 11
0 12
0 77
0 15
0 80
0 17
0 75
0 20
0 22
0 23
0 24
0 25
0 26
0 27
0 92
0 93
0 101
0 32
0 33
0 82
0 37
0 124
0 71
0 45
0 113
0 79
0 89
0 73
0 58
0 60
0 61
0 126
1 65
1 130
1 3
1 4
1 5
1 7
1 11
1 126
1 14
1 81
1 18
1 86
1 28
1 98
1 35
1 36
1 101
1 17
1 41
1 46
1 117
1 59
1 62
2 3
2 5
2 6
2 7
2 103
2 11
2 12
2 47
2 49
2 85
2 22
2 54
2 30
2 37
3 67
3 4
3 133
3 70
3 65
3 137
3 75
3 76
3 66
3 16
3 81
3 21
3 24
3 132
3 29
3 39
3 129
3 135
3 44
3 47
3 51
3 54
3 58
4 6
4 102
4 8
4 73
4 128
4 78
4 111
4 49
4 116
4 123
5 34
5 69
5 72
5 9
5 12
5 13
5 63
5 17
5 91
5 19
5 20
5 85
5 88
5 122
5 27
5 31
6 19
6 119
6 8
6 36
6 61
6 92
6 18
6 15
7 67
7 121
7 50
7 63
8 64
8 70
8 135
8 9
8 10
8 14
8 81
8 20
8 21
8 23
8 25
8 90
8 29
8 98
8 36
8 110
8 52
8 118
8 127
9 33
9 38
9 10
9 44
9 46
9 18
9 51
9 24
9 42
9 128
10 51
10 83
10 67
10 16
10 35
10 52
10 84
10 59
10 125
11 68
11 98
11 32
11 13
11 110
11 19
11 30
11 23
11 62
11 95
12 48
12 66
12 72
12 43
12 44
12 13
12 14
12 111
12 16
12 50
12 53
12 22
12 55
12 28
12 29
13 40
13 34
13 55
13 15
13 57
13 58
13 31
14 134
14 41
14 43
14 45
14 79
14 48
14 49
14 116
14 53
14 87
14 56
14 26
14 117
14 30
14 95
15 56
15 94
16 32
16 96
16 124
16 119
16 76
16 59
16 63
17 125
17 89
18 107
18 84
20 25
20 21
21 131
21 101
21 135
21 105
21 26
22 75
22 38
22 40
22 90
22 27
22 127
23 99
23 35
23 85
24 130
24 118
24 71
24 56
24 123
25 28
26 41
26 91
26 78
26 46
27 131
27 137
27 93
27 37
28 80
28 86
28 95
28 76
28 109
28 31
29 48
29 83
29 130
29 87
29 108
29 61
30 33
30 34
30 69
30 39
30 40
30 105
30 82
30 136
30 50
30 55
31 38
32 65
32 57
32 42
33 99
33 92
34 64
34 39
34 43
34 78
36 118
36 121
36 60
37 115
37 82
37 133
37 74
37 42
37 109
38 80
38 100
38 120
38 77
39 52
39 47
40 104
40 109
41 74
42 45
43 107
44 113
44 99
44 62
45 108
46 53
46 104
46 117
47 57
47 54
48 73
48 103
51 88
52 114
52 68
52 116
52 139
53 90
53 77
53 79
54 64
54 129
54 60
55 115
56 134
57 102
57 103
57 139
58 97
59 129
59 71
61 97
61 69
62 119
62 136
62 106
62 94
64 83
65 112
65 113
65 97
65 136
65 96
65 110
66 123
66 102
66 89
66 74
66 91
67 72
68 112
68 70
69 111
70 84
70 121
72 137
75 115
76 107
78 127
79 114
79 100
79 138
80 106
81 108
82 88
83 131
83 86
83 139
84 138
85 93
86 87
88 105
90 132
91 100
93 106
93 94
94 104
96 138
98 128
98 120
99 122
106 134
107 112
108 120
110 132
110 125
113 114
117 126
117 124
119 122
123 133
