0 5
0 6
0 135
0 72
0 9
0 10
0 139
0 82
0 19
0 20
0 87
0 91
0 30
0 95
0 32
0 133
0 100
0 103
0 41
0 47
0 50
0 118
0 119
0 59
0 60
0 63
1 129
1 5
1 55
1 72
1 90
1 109
1 47
2 128
2 67
2 5
2 6
2 7
2 8
2 10
2 11
2 13
2 14
2 16
2 17
2 18
2 19
2 21
2 86
2 121
2 24
2 25
2 26
2 27
2 29
2 94
2 33
2 123
2 36
2 97
2 42
2 103
2 78
2 111
2 117
2 56
2 88
2 58
2 59
2 62
3 75
3 5
3 6
3 7
3 8
3 9
3 10
3 11
3 12
3 98
3 109
3 80
3 18
3 19
3 24
3 26
3 27
3 28
3 31
3 33
3 34
3 38
3 40
3 92
3 44
3 45
3 47
3 49
3 52
3 95
3 138
4 20
4 5
4 6
4 7
5 69
5 6
5 7
5 8
5 74
5 11
5 15
5 83
5 92
5 29
5 94
5 70
5 39
5 43
5 49
5 50
5 54
5 121
5 134
6 96
6 100
6 7
6 8
6 9
6 130
6 14
6 15
6 80
6 17
6 67
6 21
6 86
6 25
6 26
6 28
6 94
6 32
6 36
6 102
6 39
6 40
6 41
6 42
6 44
6 48
6 104
6 83
6 117
6 55
6 121
6 136
6 106
6 126
7 71
7 8
7 9
7 10
7 11
7 12
7 13
7 14
7 15
7 16
7 20
7 21
7 23
7 26
7 27
7 28
7 78
7 31
7 33
7 100
7 37
7 105
7 43
7 44
7 46
7 55
7 56
7 121
7 87
7 74
8 128
8 129
8 9
8 75
8 12
8 13
8 14
8 77
8 16
8 67
8 84
8 21
8 22
8 23
8 24
8 29
8 95
8 32
8 34
8 38
8 106
8 45
8 46
8 47
8 48
8 49
8 114
8 51
8 116
8 53
8 76
8 73
8 57
8 122
9 64
9 10
9 12
9 13
9 79
9 19
9 134
9 87
9 25
9 27
9 30
9 31
9 35
9 101
9 65
9 40
9 42
9 107
9 45
9 48
9 91
9 51
9 54
9 55
9 124
9 62
10 129
10 69
10 11
10 12
10 14
10 109
10 17
10 18
10 67
10 20
10 24
10 30
10 101
10 34
10 36
10 37
10 82
10 114
10 54
10 88
10 58
10 59
11 133
11 105
11 66
11 13
11 112
11 17
11 99
11 122
11 22
11 55
11 57
11 90
11 123
11 93
11 101
12 64
12 33
12 134
12 43
12 61
12 77
12 15
12 16
12 72
12 107
12 78
12 23
12 104
12 71
12 42
13 68
13 133
13 66
13 16
13 89
13 91
13 28
13 32
13 35
13 102
13 42
13 27
13 113
13 53
13 137
13 120
13 57
13 127
13 63
14 65
14 132
14 69
14 73
14 15
14 92
14 17
14 18
14 19
14 84
14 110
14 22
14 25
14 71
14 28
14 94
14 97
14 100
14 39
14 40
14 41
14 43
14 82
14 46
14 49
14 50
14 113
14 121
14 58
14 117
14 74
14 126
14 63
15 52
15 68
16 98
16 45
16 80
16 49
16 18
16 22
16 57
16 118
17 33
17 35
17 71
17 72
17 135
17 104
17 51
17 84
17 60
17 106
18 37
18 38
18 34
18 111
18 81
18 20
18 22
18 23
19 71
19 62
19 108
19 44
19 113
19 123
19 21
19 111
19 30
20 32
20 104
20 75
20 50
20 110
20 86
20 24
20 89
21 101
21 25
21 26
22 98
22 36
22 37
22 73
22 77
22 81
22 23
22 120
22 30
23 34
23 84
23 102
23 122
23 29
24 35
24 37
24 78
24 85
24 89
24 60
24 125
24 31
25 64
25 79
26 89
26 75
26 124
26 31
27 90
27 66
27 69
27 58
27 39
27 61
28 93
28 70
28 41
28 138
28 107
28 29
28 139
28 87
28 91
28 61
28 127
29 136
29 81
29 67
29 90
29 119
29 135
30 125
30 62
31 102
32 100
32 35
32 36
32 102
32 108
32 75
32 76
32 46
32 45
32 83
32 85
32 54
32 119
32 120
32 52
32 60
33 115
33 68
33 53
33 59
33 132
33 39
34 128
34 38
34 105
34 48
34 86
34 137
34 125
35 66
35 132
35 38
35 106
35 43
35 110
35 114
35 60
36 108
37 88
37 62
37 41
37 50
37 46
37 138
38 122
38 77
39 99
39 129
39 40
39 44
39 47
39 48
39 52
39 53
39 56
39 90
39 93
39 134
39 85
40 51
40 69
40 118
41 80
41 114
41 68
41 70
42 131
42 76
42 81
42 114
42 117
42 56
42 123
43 77
43 136
43 73
43 106
43 109
43 61
43 74
44 87
45 83
46 128
46 74
47 61
48 65
48 130
48 108
48 109
48 51
48 52
48 117
48 116
48 91
48 92
48 127
49 104
49 83
49 68
49 105
49 73
49 138
50 99
50 56
51 99
51 137
51 107
51 96
52 53
52 119
52 59
53 54
53 57
53 72
53 65
54 113
54 92
54 126
55 64
55 107
55 101
55 58
55 63
56 64
56 76
57 65
57 99
57 88
57 78
58 85
58 70
58 79
59 103
60 66
61 124
61 82
61 98
62 80
62 70
62 137
62 63
63 76
64 84
64 97
64 82
64 131
64 79
65 124
65 132
65 86
65 135
65 94
65 93
67 123
67 95
67 130
67 93
68 98
68 116
68 120
68 126
69 112
69 113
69 133
70 96
70 88
70 110
71 79
72 136
73 111
76 96
76 95
77 112
77 131
77 103
77 135
78 132
79 81
79 85
80 115
81 115
83 131
83 96
84 126
84 112
84 124
86 89
87 115
88 120
88 108
88 110
89 97
89 116
93 118
93 105
93 125
94 115
95 97
96 128
96 139
97 118
98 112
101 138
102 103
105 116
106 134
106 127
106 111
114 136
114 119
117 139
117 122
117 125
118 133
119 127
120 129
120 131
121 130
125 130
131 137
136 139
