0 64
0 1
0 2
0 4
0 102
0 81
0 7
0 71
0 45
0 14
0 80
0 24
0 56
0 133
0 63
1 16
1 115
1 68
1 5
1 33
1 26
1 103
1 77
1 85
2 17
2 3
2 6
2 106
2 13
2 15
3 109
3 18
3 29
4 32
4 37
4 40
4 42
4 12
4 48
4 8
4 128
4 84
4 86
4 30
5 99
5 67
5 139
5 59
5 94
5 31
7 11
7 21
7 91
7 28
7 111
8 34
8 19
8 110
8 22
8 39
8 9
8 90
8 123
8 118
8 20
9 35
9 51
9 52
9 57
9 10
10 132
10 25
11 41
11 23
11 135
11 54
12 58
13 137
13 27
13 124
13 114
19 38
21 50
21 101
21 87
21 120
21 47
22 97
23 113
23 92
23 46
24 96
24 78
25 72
27 89
27 36
28 74
28 79
30 66
30 43
31 55
33 82
34 60
34 44
34 76
34 121
35 112
35 61
36 88
36 75
36 70
37 53
38 122
41 73
41 83
41 108
47 49
47 100
48 65
49 69
51 136
51 98
51 62
52 117
60 105
74 95
79 104
79 93
79 119
80 116
82 127
90 129
102 107
105 130
105 125
105 126
109 138
114 131
114 134
