0 64
0 65
0 67
0 68
0 70
0 7
0 8
0 73
0 10
0 11
0 12
0 13
0 19
0 20
0 86
0 100
0 27
0 29
0 32
0 36
0 38
0 105
0 42
0 43
0 93
0 48
0 136
1 64
1 66
1 11
1 70
1 7
1 8
1 9
1 10
1 75
1 15
1 16
1 84
1 85
1 22
1 25
1 26
1 29
1 30
1 33
1 103
1 46
1 55
1 121
1 125
2 11
2 7
2 72
2 9
2 71
2 79
2 8
2 51
2 21
2 56
2 39
2 93
2 88
3 130
3 35
3 7
3 8
3 105
3 74
3 45
3 14
3 79
3 54
3 25
3 26
3 30
3 31
4 129
4 69
4 7
4 9
4 10
4 76
4 13
4 14
4 15
4 16
4 17
4 82
4 20
4 21
4 127
4 25
4 90
4 28
4 94
4 31
4 41
4 71
4 109
4 47
4 112
4 50
4 118
4 120
4 57
4 59
4 126
4 63
5 7
5 8
5 9
5 10
5 139
5 77
5 17
5 18
5 20
5 110
5 23
5 24
5 89
5 28
5 122
5 36
5 102
5 113
5 40
5 41
5 44
5 45
5 46
5 111
5 108
5 51
5 58
5 59
6 118
6 81
6 7
6 8
6 9
6 11
6 12
6 13
6 14
6 15
6 72
6 52
6 53
6 54
6 57
6 24
6 20
6 58
6 62
6 95
7 129
7 8
7 9
7 10
7 11
7 12
7 13
7 14
7 15
7 16
7 17
7 18
7 19
7 20
7 22
7 23
7 24
7 25
7 27
7 28
7 29
7 30
7 31
7 32
7 33
7 34
7 35
7 37
7 38
7 41
7 42
7 47
7 53
7 57
7 59
7 68
7 130
7 79
7 86
7 88
7 90
7 96
7 99
7 110
7 111
7 116
8 9
8 10
8 11
8 12
8 128
8 14
8 15
8 17
8 131
8 84
8 78
8 86
8 25
8 26
8 27
8 28
8 30
8 69
8 97
8 34
8 35
8 37
8 39
8 40
8 105
8 42
8 45
8 46
8 48
8 113
8 50
8 79
8 120
8 58
8 61
9 10
9 12
9 13
9 14
9 77
9 16
9 88
9 18
9 22
9 87
9 24
9 25
9 27
9 92
9 95
9 32
9 39
9 40
9 49
9 50
9 55
9 56
9 57
9 136
9 74
9 72
10 83
10 67
10 70
10 128
10 11
10 12
10 13
10 16
10 17
10 18
10 19
10 20
10 21
10 23
10 28
10 30
10 32
10 98
10 35
10 100
10 101
10 65
10 103
10 41
10 42
10 108
10 110
10 112
10 51
10 94
10 54
10 137
10 120
10 59
10 60
10 62
11 67
11 118
11 111
11 12
11 13
11 14
11 15
11 80
11 17
11 82
11 19
11 22
11 24
11 90
11 27
11 96
11 35
11 36
11 41
11 106
11 43
11 44
11 47
11 48
11 72
11 50
11 54
11 120
11 88
11 136
11 60
11 74
12 112
12 130
12 67
12 16
12 115
12 84
12 21
12 87
12 59
12 123
12 61
12 94
12 95
13 64
13 66
13 67
13 77
13 81
13 19
13 21
13 22
13 23
13 96
13 33
13 134
13 65
13 40
13 105
13 42
13 114
13 129
13 49
13 50
13 54
13 126
14 133
14 15
14 16
14 18
14 22
14 88
14 26
14 75
14 28
14 90
14 96
14 33
14 34
14 36
14 70
14 125
14 42
14 44
14 45
14 46
14 47
14 51
14 55
14 56
14 57
14 61
14 134
14 63
15 35
15 102
15 77
15 49
15 114
15 19
15 121
15 57
15 24
15 39
15 125
15 31
16 75
16 80
16 17
16 18
16 83
16 86
16 98
16 99
16 100
16 113
16 40
16 46
16 48
16 76
16 50
16 51
16 118
16 121
17 132
17 75
17 78
17 80
17 18
17 19
17 23
17 111
17 26
17 27
17 93
17 91
17 100
17 102
17 39
17 103
17 108
17 47
17 48
17 113
17 83
17 52
17 117
17 56
17 136
17 62
18 130
18 87
18 77
18 78
18 23
18 91
18 95
18 32
18 100
18 38
18 39
18 42
18 45
18 61
18 85
19 129
19 132
19 80
19 20
19 21
19 22
19 24
19 27
19 32
19 97
19 34
19 99
19 38
19 81
19 48
19 56
19 58
19 123
19 126
20 64
20 72
20 21
20 23
20 25
20 30
20 68
20 32
20 33
20 133
20 39
20 97
20 135
20 44
20 109
20 51
20 52
20 94
20 55
20 122
20 63
21 37
21 138
21 119
21 104
22 66
22 65
22 77
22 86
22 91
22 29
22 30
22 33
22 36
22 40
22 41
22 44
22 114
22 60
22 63
23 33
23 132
23 125
23 110
23 47
23 56
23 26
23 106
23 63
24 116
24 40
24 129
24 92
24 52
24 117
24 86
24 89
24 28
24 29
25 34
25 139
25 43
25 108
25 130
25 104
25 58
25 55
25 26
25 127
25 92
25 29
25 31
26 102
26 38
26 72
26 107
26 85
26 63
27 34
27 71
27 37
27 76
27 45
27 53
27 124
27 135
27 49
27 101
27 94
27 69
27 31
28 70
28 71
28 45
28 93
28 74
28 53
28 89
28 29
28 69
28 37
29 128
29 76
29 87
29 92
29 97
29 36
29 101
29 105
29 135
29 49
29 116
29 53
29 56
29 57
29 123
30 128
30 38
30 109
30 138
30 31
31 64
31 65
31 37
31 38
31 109
31 91
31 84
31 93
31 62
32 74
32 46
32 110
32 119
32 137
32 84
32 58
32 63
33 34
33 107
33 132
33 134
33 102
33 43
33 46
33 112
33 91
33 61
34 64
34 128
34 66
34 67
34 74
34 79
34 80
34 78
34 35
34 36
34 37
34 43
34 131
34 122
34 59
35 96
35 43
35 114
35 80
35 82
35 54
35 89
36 61
36 48
36 113
36 83
36 117
36 120
36 121
37 97
37 68
37 124
37 138
37 103
37 109
37 104
37 52
37 61
37 126
38 68
38 131
38 124
39 67
39 71
39 77
39 82
39 87
39 137
39 101
39 98
39 121
39 41
39 44
39 47
39 119
39 84
39 126
40 66
40 123
40 43
41 66
41 73
41 44
41 83
41 53
41 91
41 106
42 115
42 137
42 106
42 71
42 79
42 83
42 116
43 107
43 121
43 115
44 123
44 50
44 85
44 73
44 116
44 118
44 93
44 69
45 99
45 70
45 133
46 124
46 75
46 49
46 52
46 59
46 60
47 64
47 66
47 49
47 92
47 106
47 98
47 82
47 131
47 55
47 60
47 62
48 99
48 55
48 62
49 107
49 68
49 72
49 103
49 78
49 51
49 52
49 53
50 98
50 73
50 119
51 54
51 97
51 70
51 69
52 133
52 136
52 73
52 108
52 117
52 94
52 81
53 139
53 88
53 90
54 71
55 102
55 74
55 78
55 114
55 117
55 95
56 58
56 60
57 100
57 114
57 120
57 60
57 62
58 97
58 81
58 99
59 118
59 123
60 96
60 65
60 130
60 73
60 110
61 119
61 135
61 127
62 96
62 113
62 81
62 136
62 78
62 95
63 73
63 107
63 110
63 85
63 122
64 68
64 69
64 65
64 138
64 119
64 111
64 101
64 94
65 100
65 129
65 75
65 80
65 115
67 75
67 109
67 81
67 82
67 86
67 89
68 76
68 115
68 87
68 91
68 93
69 76
69 132
70 128
70 139
71 123
71 104
72 135
72 107
72 98
72 112
72 85
73 131
73 103
74 135
74 87
74 79
74 82
74 85
74 88
74 137
75 138
75 139
75 76
75 115
75 90
76 133
76 102
76 105
76 106
76 114
76 83
76 134
76 89
76 101
77 137
77 90
77 111
78 84
78 89
79 115
79 104
79 134
80 106
82 136
82 92
83 131
83 92
83 112
83 95
84 108
84 127
84 125
85 116
86 132
86 122
86 111
89 118
90 128
90 109
91 117
91 121
91 124
92 99
92 101
92 117
92 108
94 133
94 103
97 122
97 98
97 104
97 127
98 113
98 138
100 134
100 107
101 120
102 112
102 125
103 105
103 104
103 127
104 133
105 131
105 137
108 126
108 127
109 135
112 125
113 116
113 132
114 129
116 124
116 119
117 138
118 130
119 122
120 139
120 124
120 126
123 139
125 134
