0 16
0 17
0 19
0 5
0 6
0 7
0 9
0 22
0 11
0 12
0 15
1 26
1 27
1 12
1 5
1 6
2 26
2 5
2 6
2 7
2 10
2 13
2 14
3 17
3 5
3 7
3 8
3 9
3 10
3 29
3 15
4 16
4 18
4 5
4 6
4 8
4 9
4 13
4 14
4 29
5 6
5 7
5 8
5 10
5 11
5 12
5 13
5 20
5 23
5 25
5 27
5 28
6 7
6 8
6 9
6 10
6 11
6 13
6 16
6 18
6 21
6 23
7 8
7 10
7 11
7 12
7 13
7 15
7 16
7 18
7 20
7 21
7 24
7 25
7 27
8 9
8 11
8 15
8 22
8 24
8 25
8 26
9 21
9 20
9 27
9 12
10 16
11 20
11 29
11 14
12 18
12 19
12 17
12 22
12 29
12 14
13 17
13 19
13 28
13 14
14 18
14 15
15 17
15 19
15 20
15 23
15 25
15 26
15 27
15 28
16 21
16 28
17 23
17 24
18 19
19 22
19 24
19 26
20 25
20 24
20 21
20 29
21 22
21 23
22 28
