0 24
0 20
0 25
0 22
0 7
0 8
0 9
0 28
0 11
0 12
0 14
1 18
1 7
1 8
1 9
1 10
1 11
1 29
1 15
2 24
2 18
2 20
2 25
2 22
2 7
2 8
2 9
2 10
2 11
3 22
3 7
3 8
3 10
3 23
3 26
3 15
4 16
4 22
4 7
4 8
4 9
4 10
4 11
4 12
4 26
4 14
5 27
5 15
5 7
6 17
6 25
6 24
6 7
6 8
6 9
6 27
6 12
6 13
6 14
7 8
7 9
7 10
7 11
7 12
7 13
7 14
7 15
7 16
7 17
7 18
7 20
7 21
7 22
7 23
7 27
7 29
8 9
8 10
8 11
8 12
8 13
8 14
8 15
8 16
8 17
8 19
8 20
8 23
8 27
8 29
9 10
9 12
9 13
9 15
9 21
9 22
9 26
10 11
10 12
10 13
10 14
10 16
10 17
10 19
10 21
11 13
11 16
11 17
11 19
11 28
12 13
12 14
12 16
12 17
12 18
12 19
12 21
12 23
12 24
12 26
13 15
13 16
13 18
13 19
13 21
13 22
13 24
13 28
14 18
14 25
14 20
14 28
15 17
15 18
15 20
15 21
15 24
15 25
15 29
16 26
16 27
16 23
17 19
17 25
17 23
17 28
18 19
18 26
18 27
19 20
19 21
20 23
20 28
21 25
21 24
21 27
22 26
23 29
24 29
26 28
28 29
