0 23
0 8
0 7
0 11
0 28
0 13
1 35
1 7
1 8
1 9
1 10
1 11
1 12
1 13
1 16
1 18
1 20
1 21
1 24
1 25
1 26
1 27
1 29
2 7
2 8
2 9
2 10
2 14
2 15
2 16
2 17
2 18
2 20
2 21
2 22
2 23
2 24
2 25
2 26
2 27
2 31
2 33
2 35
2 36
2 37
3 16
3 13
3 7
4 8
4 9
4 34
4 12
4 7
5 32
5 7
5 8
5 9
5 10
5 11
5 12
5 14
5 15
5 16
5 17
5 19
5 20
5 39
5 29
5 31
6 32
6 35
6 38
6 7
6 8
6 9
6 10
6 11
6 13
6 15
6 17
6 20
6 21
7 8
7 9
7 10
7 11
7 12
7 13
7 15
7 16
7 18
7 22
7 23
7 24
7 25
7 30
7 32
8 9
8 10
8 11
8 12
8 14
8 16
8 18
8 19
8 20
8 21
8 22
8 26
8 29
8 32
8 33
8 35
8 36
8 38
9 10
9 12
9 13
9 14
9 16
9 17
9 18
9 19
9 20
9 24
9 25
9 26
9 30
9 31
9 34
9 38
9 39
10 36
10 11
10 34
10 14
10 17
10 19
10 38
10 22
10 23
10 33
10 27
10 28
11 36
11 12
11 14
11 15
11 26
11 38
11 28
12 32
12 13
12 14
12 15
12 18
12 21
12 22
12 33
12 27
12 29
13 34
13 17
13 35
13 21
13 24
13 26
13 29
13 30
14 39
14 15
14 19
14 20
14 24
14 29
14 37
15 35
15 17
15 18
15 22
15 25
15 38
15 28
15 30
15 31
16 32
16 39
16 34
16 19
16 22
16 37
17 19
17 27
17 28
17 30
17 31
18 23
19 21
19 23
19 25
19 37
19 31
20 23
20 33
20 38
21 28
21 27
21 30
22 24
22 36
22 37
22 30
23 33
23 34
23 25
24 26
24 27
25 33
25 31
25 29
26 28
27 35
28 37
28 36
29 39
30 32
33 34
34 39
34 36
35 37
37 39
