0 5
1 5
1 6
1 7
1 8
1 9
1 11
1 12
1 14
1 16
1 17
1 18
1 28
1 37
2 17
2 5
2 6
2 7
2 8
2 38
2 27
2 14
2 37
3 34
3 19
3 5
3 6
3 7
3 23
3 9
3 10
3 11
3 13
4 20
4 5
4 6
4 8
4 9
4 10
4 27
4 14
5 33
5 6
5 7
5 8
5 10
5 13
5 15
5 17
5 18
5 32
5 25
5 26
5 29
5 31
6 7
6 9
6 39
6 12
6 13
6 18
6 20
6 21
6 27
6 28
6 37
6 30
6 31
7 8
7 9
7 10
7 11
7 12
7 17
7 20
7 22
7 29
8 10
8 11
8 12
8 13
8 14
8 15
8 16
8 19
8 20
8 21
8 26
8 29
8 30
8 35
8 37
8 38
8 39
9 38
9 11
9 13
9 14
9 15
9 17
9 36
9 31
10 32
10 33
10 34
10 35
10 12
10 19
10 23
10 24
10 36
10 27
10 28
10 30
11 16
11 18
11 22
11 19
11 23
11 31
12 36
12 21
12 26
12 15
13 16
13 25
13 22
14 22
14 25
14 26
14 24
14 28
14 15
15 36
15 16
15 18
15 21
15 24
15 27
15 29
16 39
16 30
17 19
17 20
17 34
18 35
18 23
18 39
19 24
19 25
19 31
20 33
20 21
20 22
20 24
21 38
21 23
21 25
21 30
22 33
23 34
23 26
24 36
25 32
25 33
25 29
25 34
25 28
28 32
28 37
28 39
28 38
31 32
31 35
33 35
