0 9
0 3
0 21
0 14
1 10
1 3
1 4
1 7
2 16
2 3
2 4
2 5
2 39
2 24
3 33
3 4
3 5
3 6
3 7
3 9
3 10
3 12
3 13
3 14
3 19
3 20
3 22
3 26
3 35
4 32
4 5
4 6
4 7
4 8
4 10
4 11
4 12
4 15
4 17
4 20
4 25
4 27
4 39
4 37
5 35
5 37
5 6
5 8
5 11
5 13
5 34
5 17
5 19
5 38
6 32
6 17
6 34
6 31
7 33
7 23
7 8
7 9
7 27
7 30
7 15
8 32
8 36
8 30
8 13
8 14
9 16
9 21
9 11
9 28
10 26
10 12
11 30
12 20
13 24
13 18
13 23
13 31
14 33
14 22
14 15
15 16
15 18
15 37
16 29
16 28
16 18
17 23
17 36
17 39
17 31
18 26
18 19
19 22
19 24
19 28
20 21
21 38
21 25
21 27
21 29
22 25
24 29
26 35
29 34
31 38
33 36
