0 43
0 3
0 4
0 5
0 6
1 3
2 3
2 4
2 6
2 7
2 8
2 9
2 15
2 16
2 17
2 21
2 22
2 24
2 25
2 27
2 29
2 31
2 34
2 36
2 38
2 41
2 42
2 44
2 45
2 49
3 4
3 5
3 6
3 8
3 11
3 12
3 13
3 14
3 18
3 20
3 23
3 24
3 26
3 27
3 30
3 31
3 32
3 33
3 36
3 38
3 39
3 41
3 45
3 46
3 48
3 49
4 33
4 5
4 7
4 10
4 11
4 18
4 21
4 22
4 23
4 37
4 31
5 17
5 9
5 10
5 11
6 33
6 7
6 8
6 43
6 12
6 45
6 16
6 19
6 25
6 26
7 40
7 20
7 26
7 12
7 18
7 46
8 19
8 9
8 10
9 19
9 13
9 21
10 24
10 34
10 35
11 15
11 13
12 27
12 23
12 39
12 28
12 14
13 14
14 16
14 17
14 36
14 22
14 49
14 40
14 30
14 15
15 34
15 47
15 29
17 35
17 20
17 44
18 43
19 32
19 48
19 38
19 28
19 29
20 37
20 40
20 30
23 37
23 25
23 28
23 39
26 42
27 32
27 42
27 47
31 48
32 41
33 35
33 47
35 44
38 46
