0 48
0 43
0 38
0 7
0 8
0 44
0 11
0 12
0 16
0 17
0 22
0 24
0 25
0 26
0 30
1 43
1 37
1 7
1 8
1 9
1 10
1 11
1 13
1 47
1 16
1 25
1 27
1 28
1 30
2 34
2 7
2 8
2 9
2 10
2 11
2 12
2 13
2 15
2 17
2 41
2 20
2 21
2 23
2 45
2 26
2 28
2 31
3 10
3 42
3 44
3 21
3 7
4 36
4 37
4 7
4 8
4 9
4 10
4 12
4 13
4 15
4 16
4 21
4 23
4 24
4 27
4 29
5 16
5 18
5 19
5 46
5 7
5 8
5 9
5 23
5 45
5 14
5 15
6 32
6 24
6 34
6 22
6 7
6 8
6 9
6 26
6 39
6 12
7 8
7 9
7 10
7 11
7 12
7 13
7 14
7 15
7 16
7 17
7 18
7 19
7 20
7 21
7 22
7 23
7 24
7 25
7 26
7 28
7 29
7 30
7 31
7 32
7 33
7 34
7 35
7 36
7 38
7 39
7 47
7 49
8 9
8 10
8 11
8 12
8 13
8 14
8 17
8 18
8 19
8 20
8 24
8 27
8 28
8 29
8 30
8 31
8 32
8 33
8 34
8 35
8 37
8 39
8 40
8 42
8 45
8 46
8 48
9 10
9 11
9 15
9 16
9 17
9 18
9 22
9 27
9 28
9 29
9 32
9 38
9 40
9 44
9 49
10 37
10 11
10 12
10 13
10 14
10 40
10 21
10 23
10 29
10 31
11 35
11 36
11 43
11 13
11 14
11 15
11 17
11 18
12 35
12 38
12 14
12 19
12 20
12 22
12 36
12 27
13 14
13 15
13 16
13 18
13 19
13 20
13 22
13 25
13 29
13 32
13 34
13 37
13 40
13 41
13 42
13 45
14 32
14 19
14 21
14 25
14 28
14 42
15 47
15 17
15 18
15 26
15 27
16 41
16 20
16 21
17 33
17 35
17 40
18 45
18 19
18 23
18 24
18 25
18 30
18 31
19 33
19 39
19 47
19 49
19 20
19 31
19 37
20 33
20 44
20 45
20 23
20 26
21 38
21 46
21 22
21 24
21 25
21 26
21 27
21 31
22 35
22 36
22 38
22 43
22 49
22 29
23 41
23 39
23 34
23 42
23 37
24 40
24 30
25 46
26 32
26 41
27 34
27 47
27 28
28 30
28 38
30 48
30 44
30 39
31 33
31 36
32 33
32 40
32 43
33 48
34 35
34 41
34 42
34 43
34 44
34 45
35 43
35 36
35 49
36 39
36 47
37 47
38 41
39 44
40 42
41 46
42 48
43 49
44 46
45 48
45 46
46 49
47 48
