0 5
0 6
0 7
0 8
0 9
0 10
0 11
0 12
0 13
0 14
0 16
0 20
0 21
0 24
0 25
0 32
0 34
0 38
0 43
0 47
0 48
0 49
1 8
1 10
1 21
1 5
1 15
2 35
2 5
2 6
2 7
2 8
2 10
2 44
2 13
2 16
2 19
2 24
2 26
3 16
3 48
3 5
3 22
3 24
3 9
3 6
3 27
3 45
4 36
4 5
4 6
4 7
4 8
4 25
4 26
4 13
5 6
5 7
5 9
5 10
5 11
5 12
5 14
5 15
5 16
5 18
5 19
5 20
5 21
5 22
5 26
5 28
5 30
5 31
5 35
5 37
5 44
5 47
5 48
5 49
6 7
6 8
6 9
6 10
6 11
6 14
6 15
6 17
6 20
6 23
6 28
6 30
6 31
6 35
6 39
6 41
6 42
6 43
6 47
7 40
7 11
7 12
7 46
7 49
7 19
7 24
7 25
7 26
7 38
7 29
7 37
8 48
8 9
8 12
8 34
8 16
8 17
8 18
8 22
8 23
8 25
8 27
9 17
9 18
9 40
9 12
9 30
10 32
10 41
10 11
10 13
10 15
10 20
10 23
10 33
10 28
11 32
11 47
11 23
11 28
11 13
11 29
12 38
12 42
12 43
12 44
12 14
12 15
12 17
12 18
12 19
12 21
12 22
13 32
13 27
13 42
13 33
13 26
13 14
14 18
14 21
15 48
15 34
15 23
15 44
15 31
16 17
16 39
17 43
18 19
18 46
18 29
19 33
19 38
19 40
19 34
19 20
19 22
19 27
21 33
21 39
21 41
21 27
21 44
21 31
22 40
22 45
23 24
23 36
23 46
23 25
23 42
23 30
24 28
24 45
24 46
25 36
25 42
26 32
26 39
26 37
26 47
26 29
27 31
27 29
28 49
28 33
28 35
28 36
28 39
28 30
29 38
30 49
31 40
32 37
33 35
33 34
33 41
33 45
34 37
34 43
35 36
36 41
36 46
44 45
