0 3
0 4
0 5
0 6
0 8
0 10
0 12
0 14
0 15
0 16
0 17
0 19
0 20
0 26
0 27
0 28
0 29
0 42
0 43
0 44
0 53
0 54
1 3
1 33
1 19
1 5
1 56
1 37
2 51
2 3
2 4
2 7
2 9
2 42
2 27
2 12
3 4
3 37
3 6
3 7
3 8
3 9
3 10
3 13
3 15
3 16
3 40
3 18
3 21
3 54
3 23
3 30
4 32
4 5
4 50
5 34
5 6
5 40
5 9
5 11
5 12
5 47
5 15
5 52
5 21
5 55
5 24
5 25
5 26
5 27
5 28
5 58
6 48
6 59
6 7
6 23
6 28
6 13
7 16
7 35
7 20
7 21
7 39
7 8
7 41
7 10
8 32
8 52
8 22
8 57
8 58
8 11
9 34
9 41
9 11
9 29
9 45
10 33
10 51
10 13
10 14
10 47
10 48
10 49
10 19
10 58
11 18
12 17
12 36
12 22
12 25
12 34
13 35
13 36
13 38
13 53
13 14
13 47
14 31
14 23
15 18
16 32
16 33
16 38
16 45
16 17
16 35
16 20
16 22
16 24
16 37
16 30
16 31
17 51
17 25
17 43
17 30
18 49
18 29
19 55
20 50
20 54
20 48
20 55
20 26
21 59
22 24
22 36
22 41
22 45
24 40
24 43
25 49
27 59
27 38
28 31
29 44
29 46
33 39
34 39
36 42
36 46
39 46
43 53
43 57
43 44
48 52
48 57
48 56
49 56
49 50
