0 48
0 45
0 5
0 6
0 7
0 56
0 42
0 39
0 13
0 15
1 8
1 5
1 6
1 29
2 32
2 33
2 36
2 5
2 6
2 7
2 8
2 9
2 43
2 44
2 23
2 26
2 30
2 31
3 5
3 7
3 9
3 57
3 11
3 28
4 51
4 27
4 5
4 6
4 8
4 10
4 13
4 17
4 19
4 53
4 22
4 38
5 6
5 7
5 9
5 10
5 11
5 12
5 14
5 16
5 19
5 21
5 27
5 28
5 33
5 35
5 38
5 39
5 41
5 43
5 44
5 55
5 59
6 7
6 8
6 9
6 10
6 12
6 13
6 15
6 16
6 21
6 24
6 25
6 27
6 28
6 30
6 33
6 44
6 45
6 49
6 58
7 8
7 9
7 10
7 11
7 12
7 14
7 15
7 16
7 17
7 20
7 21
7 28
7 31
7 36
7 38
7 49
7 51
7 54
7 57
8 32
8 35
8 10
8 11
8 12
8 47
8 18
8 20
8 54
8 23
8 56
8 39
9 36
9 42
9 43
9 34
9 14
9 45
9 50
9 17
9 18
9 20
9 46
9 55
9 27
9 28
9 37
10 32
10 41
10 11
10 12
10 14
10 17
10 21
10 57
10 25
10 58
10 36
10 31
11 49
11 35
11 40
11 22
11 13
11 15
12 39
12 13
12 45
12 48
12 18
12 19
12 52
12 26
12 29
13 34
13 14
13 15
13 16
13 17
13 21
13 23
13 24
13 25
13 26
14 16
14 25
14 40
14 30
15 33
15 37
15 40
15 47
15 18
15 19
15 22
15 24
15 38
16 18
16 20
16 26
16 44
17 50
17 19
17 53
17 24
18 33
18 20
19 22
19 57
19 47
19 37
19 30
20 51
20 38
20 22
20 23
20 29
21 32
21 54
21 40
21 25
21 23
21 30
22 59
22 53
22 24
22 26
23 48
23 59
23 50
23 52
23 43
24 53
24 59
24 36
24 47
25 34
25 42
25 40
25 29
26 32
26 27
26 37
26 41
26 34
26 57
26 54
27 49
27 35
27 46
28 34
28 42
28 39
28 53
28 56
28 31
28 29
28 37
29 51
29 41
29 56
29 55
30 48
30 31
31 54
31 58
32 42
33 35
34 41
35 55
36 58
36 47
38 46
40 44
41 46
42 51
42 48
42 56
42 43
42 46
44 52
44 45
46 50
47 58
48 49
49 50
49 55
50 52
51 52
53 59
