0 32
0 38
0 7
0 8
0 9
0 10
0 43
0 44
0 13
0 14
0 15
0 50
0 52
0 41
0 22
0 23
0 57
0 27
0 31
1 33
1 41
1 54
1 7
1 8
1 9
1 49
1 27
1 12
1 44
1 15
2 32
2 43
2 36
2 7
2 8
2 9
2 11
2 13
2 14
2 16
2 59
2 21
2 24
2 27
2 53
3 10
3 11
3 7
4 51
4 7
4 8
4 11
4 13
4 16
4 17
4 18
4 19
4 20
4 21
4 23
4 57
4 27
5 36
5 7
5 8
5 9
5 10
5 12
5 13
5 14
5 17
5 50
5 53
5 23
5 25
5 28
5 31
6 34
6 7
6 8
6 9
6 10
6 11
6 45
6 14
6 15
6 48
6 51
6 46
6 24
6 58
6 30
7 8
7 9
7 10
7 11
7 12
7 13
7 16
7 17
7 18
7 19
7 20
7 23
7 33
7 35
7 37
7 42
7 43
7 44
7 45
7 47
7 48
7 56
8 9
8 10
8 12
8 13
8 15
8 16
8 18
8 20
8 21
8 22
8 26
8 30
8 33
8 34
8 35
8 39
8 48
8 49
8 50
8 51
8 52
8 54
8 55
9 10
9 11
9 12
9 14
9 17
9 18
9 20
9 23
9 25
9 27
9 28
9 29
9 39
9 42
9 52
9 56
9 59
10 11
10 12
10 19
10 20
10 21
10 22
10 24
10 26
10 31
10 36
10 37
10 38
10 40
10 42
10 51
10 53
10 58
11 12
11 14
11 15
11 16
11 18
11 19
11 21
11 23
11 27
11 28
11 29
11 30
11 34
11 35
11 36
11 38
11 39
11 42
11 45
11 46
11 47
11 49
11 53
12 34
12 38
12 13
12 15
12 16
12 18
12 52
12 21
12 57
12 33
12 58
12 30
13 14
13 16
13 17
13 18
13 19
13 20
13 22
13 26
13 31
13 32
13 38
13 41
13 42
13 46
13 47
13 49
13 50
13 56
13 57
13 59
14 40
14 57
14 15
14 48
14 17
14 53
14 22
14 41
14 25
14 54
14 37
15 17
15 19
15 20
15 24
15 25
15 30
16 32
16 43
16 37
16 45
16 25
16 26
16 47
16 28
17 37
17 45
17 21
17 55
17 24
18 35
18 38
18 56
18 19
18 57
18 22
18 23
18 24
18 25
18 58
18 59
18 55
18 31
19 45
19 40
19 41
19 44
19 22
19 55
19 24
19 26
19 28
19 31
20 29
20 35
20 39
20 28
21 32
21 37
21 55
21 58
21 28
22 33
22 36
22 38
22 49
22 26
22 58
23 34
23 46
23 55
23 41
23 25
23 26
23 27
23 29
23 39
23 37
24 33
24 47
26 32
26 34
26 40
26 50
26 58
26 29
26 31
27 35
27 49
27 32
27 42
27 44
27 43
27 36
27 29
27 30
28 33
28 34
28 40
28 45
28 46
28 47
28 56
28 52
28 29
29 40
29 44
29 48
29 50
29 56
29 30
30 51
30 54
30 56
31 42
31 36
32 39
33 35
33 40
33 39
34 52
34 41
34 46
37 49
38 48
38 43
38 52
39 43
39 54
39 51
39 46
40 59
41 54
41 50
41 44
42 51
44 57
44 59
46 48
46 53
46 55
46 47
51 53
52 54
57 59
