0 3
0 4
0 6
0 8
0 44
0 42
0 11
0 12
0 15
0 17
0 18
0 19
0 20
0 22
0 40
0 24
0 28
1 32
1 65
1 35
1 4
1 5
1 6
1 7
1 8
1 9
1 43
1 14
1 47
1 3
1 52
1 21
1 54
1 53
2 48
2 18
2 3
2 68
2 22
2 39
2 58
2 46
3 67
3 4
3 5
3 7
3 10
3 39
3 48
3 17
3 51
3 69
3 23
3 24
3 25
3 33
3 28
3 30
3 31
4 45
4 68
4 5
4 6
4 65
4 10
4 11
4 13
4 14
4 15
4 50
4 35
4 20
4 21
4 55
4 26
4 31
5 64
5 69
5 9
5 10
5 12
5 14
5 17
5 19
5 20
5 21
5 24
5 25
5 27
5 29
5 30
5 32
5 34
5 38
5 40
5 41
5 52
6 51
6 25
6 7
6 8
6 9
6 33
6 42
6 69
7 16
7 43
7 29
8 34
8 37
8 13
8 16
8 18
8 54
8 23
8 56
8 26
8 30
9 36
9 12
9 11
9 44
9 13
9 46
9 15
9 56
9 57
9 47
9 29
9 62
9 37
10 38
11 19
12 43
13 38
14 23
15 16
15 57
15 22
15 39
15 59
15 28
17 41
19 33
19 50
19 60
19 53
20 32
20 55
20 27
21 54
22 67
22 36
22 42
22 60
23 40
23 62
23 47
24 35
24 49
24 56
24 27
24 61
25 34
25 26
27 41
28 31
30 59
31 65
31 37
31 44
32 48
32 50
32 52
32 46
32 63
33 67
33 36
33 59
33 60
33 61
33 62
33 63
34 45
35 64
35 49
35 45
37 68
39 61
39 53
41 64
43 58
46 63
47 49
47 51
50 57
53 58
53 55
57 66
59 66
61 66
