0 16
0 17
0 35
0 52
0 21
0 7
0 8
0 9
0 10
0 11
0 39
1 64
1 33
1 7
1 8
1 9
1 10
1 11
1 12
1 13
1 20
1 21
1 28
2 68
2 69
2 7
2 8
2 9
2 10
2 11
2 12
2 13
2 14
2 15
2 16
2 17
2 18
2 21
2 25
2 28
2 35
2 39
2 42
2 45
2 47
3 8
3 51
3 7
4 64
4 33
4 34
4 7
4 9
4 10
4 39
4 15
4 51
4 52
4 26
4 61
4 63
5 7
5 8
5 9
5 10
5 11
5 12
5 13
5 15
5 16
5 17
5 18
5 19
5 20
5 22
5 24
5 26
5 27
5 28
5 30
5 31
5 36
5 46
5 53
5 55
5 56
5 58
6 8
6 67
6 44
6 21
6 7
7 8
7 9
7 10
7 11
7 12
7 13
7 14
7 15
7 16
7 18
7 19
7 20
7 21
7 23
7 24
7 27
7 30
7 32
7 33
7 34
7 35
7 38
7 64
7 43
7 48
7 50
7 56
7 67
8 66
8 9
8 10
8 11
8 12
8 13
8 14
8 18
8 20
8 23
8 29
8 30
8 35
8 37
8 38
8 45
8 46
8 47
8 49
8 50
8 55
8 57
8 60
9 14
9 15
9 17
9 19
9 20
9 23
9 32
9 33
9 36
9 40
9 41
9 43
9 46
9 51
9 53
9 54
9 55
9 56
9 57
9 62
10 67
10 11
10 12
10 13
10 14
10 16
10 17
10 18
10 19
10 21
10 22
10 23
10 24
10 25
10 27
10 69
10 31
10 33
10 34
10 37
10 38
10 39
10 45
10 48
10 57
10 58
10 60
11 68
11 12
11 14
11 15
11 16
11 22
11 69
11 24
11 25
11 30
11 31
11 50
11 51
11 54
11 58
11 61
12 13
12 14
12 17
12 18
12 19
12 24
12 30
12 31
12 35
12 37
12 38
12 41
12 43
12 48
12 54
12 55
12 65
12 63
13 66
13 16
13 40
13 19
13 22
13 26
13 27
14 68
14 15
14 18
14 20
14 22
14 24
14 25
14 26
14 27
14 28
14 29
14 34
14 38
14 47
14 48
14 52
14 57
14 58
14 62
15 35
15 40
15 44
15 34
15 60
15 67
15 41
15 23
15 25
15 26
15 28
15 61
15 30
15 63
16 35
16 36
16 40
16 17
16 20
16 23
16 56
16 52
16 58
16 59
16 61
17 33
17 65
17 39
17 40
17 34
17 53
17 22
17 25
17 27
17 28
17 29
18 64
18 19
18 21
18 22
18 29
18 31
18 34
18 40
18 41
18 42
18 43
18 46
18 51
18 52
18 56
18 57
18 62
19 36
19 54
19 26
20 36
20 65
20 43
20 23
20 24
20 29
20 62
21 32
21 41
21 43
21 53
21 39
22 36
22 68
22 58
22 29
22 31
23 32
23 48
23 64
23 40
23 63
23 26
23 59
23 42
23 31
24 32
24 65
24 43
24 59
24 67
24 56
24 25
24 27
24 60
24 30
25 37
25 38
25 44
25 46
25 47
26 32
26 37
26 55
26 54
26 59
26 61
27 32
27 33
27 67
27 45
27 53
27 56
27 47
27 28
27 29
28 64
28 68
28 39
28 45
29 49
29 41
29 42
29 61
30 68
30 41
30 44
30 46
30 62
30 37
31 49
31 44
31 66
31 69
32 65
32 36
32 69
32 42
32 50
32 57
33 66
33 37
33 45
33 47
33 51
33 69
34 51
34 38
34 50
35 59
35 49
35 55
36 65
36 59
36 44
36 47
36 49
36 57
36 54
37 69
37 63
38 49
38 42
38 60
40 48
40 66
40 44
40 46
41 64
41 52
41 42
42 48
42 53
42 63
43 45
43 61
44 53
45 52
45 49
46 59
47 50
47 63
48 50
48 67
49 62
50 55
50 60
51 60
53 54
54 66
55 66
55 58
55 62
57 65
57 68
