0 32
0 64
0 34
0 35
0 5
0 6
0 7
0 54
0 41
0 39
0 45
0 15
0 48
0 17
0 53
0 22
0 57
0 26
0 27
0 61
1 33
1 45
1 5
1 6
1 7
1 8
1 44
1 10
1 39
1 12
1 13
1 15
1 49
1 20
1 54
1 57
1 27
1 60
1 30
1 31
2 5
3 34
3 67
3 5
3 6
3 42
3 12
3 19
3 53
3 55
3 26
3 59
3 37
4 32
4 34
4 5
4 6
4 7
4 8
4 9
4 11
4 66
4 14
4 17
4 19
4 57
4 22
4 23
4 24
4 25
4 38
4 29
5 6
5 7
5 8
5 9
5 10
5 11
5 14
5 16
5 18
5 19
5 21
5 23
5 68
5 27
5 28
5 31
5 32
5 33
5 39
5 50
5 51
5 58
6 7
6 8
6 9
6 11
6 12
6 13
6 16
6 19
6 23
6 24
6 25
6 27
6 31
6 67
6 65
6 44
6 62
6 63
7 67
7 8
7 9
7 10
7 11
7 13
7 15
7 17
7 18
7 19
7 22
7 68
7 26
7 37
7 42
7 45
7 46
7 51
7 58
7 60
8 43
8 9
8 10
8 11
8 13
8 14
8 45
8 16
8 18
8 20
8 48
8 58
8 60
9 33
9 35
9 10
9 39
9 12
9 13
9 14
9 49
9 22
9 37
10 36
10 12
10 50
10 14
10 15
10 16
10 17
10 18
10 69
10 21
10 41
10 24
10 29
10 30
10 53
11 66
11 47
11 20
11 23
11 28
11 62
11 37
12 32
12 67
12 69
12 55
12 47
12 18
12 41
12 21
12 23
12 25
12 53
12 30
12 51
13 60
13 47
14 48
14 61
14 38
14 44
14 45
14 46
14 15
14 16
14 37
14 20
14 53
14 24
14 52
14 28
14 29
14 31
15 65
15 41
15 43
15 17
15 52
15 21
15 57
15 63
15 61
15 31
16 34
16 55
16 54
16 66
17 32
17 21
17 24
17 41
17 28
17 26
18 25
19 33
19 34
19 42
19 46
19 35
19 20
19 54
19 36
19 69
20 22
20 40
20 29
21 43
21 30
22 49
22 50
22 30
22 56
22 55
23 48
23 27
23 26
24 68
24 69
24 25
24 43
26 40
26 42
27 39
27 40
27 42
27 44
27 56
27 28
27 29
27 62
27 63
28 67
28 36
28 49
29 43
30 66
30 44
30 59
31 50
31 35
31 33
31 46
31 59
31 65
32 38
32 47
33 36
33 40
33 59
34 65
34 36
34 68
34 35
35 51
35 38
35 63
35 59
35 62
36 38
36 61
38 64
38 60
38 52
39 50
39 40
40 69
40 47
41 48
41 56
41 46
44 56
45 51
45 63
46 49
48 57
49 52
50 58
51 52
52 54
52 58
52 62
52 61
53 56
54 65
54 55
59 64
60 64
61 64
64 66
66 68
