0 33
0 35
0 68
0 38
0 7
0 8
0 9
0 10
0 11
0 12
0 16
0 76
0 51
0 22
0 41
0 26
0 28
1 35
1 56
1 7
1 8
1 10
1 11
1 44
1 40
1 18
1 20
1 62
1 22
1 23
1 24
1 55
1 72
1 27
1 30
2 68
2 7
2 8
2 9
2 11
2 12
2 13
2 14
2 15
2 16
2 21
2 22
2 25
2 26
2 27
2 29
2 30
2 33
2 34
2 41
2 44
2 45
2 63
3 68
3 49
3 7
3 8
3 9
3 39
3 12
3 13
3 15
3 16
3 17
3 21
3 23
3 55
3 59
3 28
4 8
4 59
4 27
4 62
4 7
5 67
5 37
5 38
5 7
5 40
5 9
5 10
5 11
5 8
5 19
5 52
5 54
5 23
5 25
5 74
5 60
5 61
6 64
6 33
6 41
6 21
6 65
6 7
6 9
6 10
6 27
6 14
7 8
7 9
7 10
7 11
7 12
7 77
7 14
7 16
7 17
7 18
7 21
7 22
7 24
7 26
7 75
7 29
7 30
7 32
7 34
7 36
7 37
7 41
7 42
7 46
7 74
7 48
7 51
7 52
7 53
7 54
7 60
7 61
7 63
8 9
8 10
8 11
8 13
8 78
8 15
8 17
8 19
8 66
8 22
8 69
8 43
8 44
8 46
8 47
8 52
8 53
8 73
8 57
9 10
9 11
9 12
9 13
9 14
9 15
9 17
9 20
9 21
9 23
9 24
9 27
9 30
9 31
9 32
9 33
9 36
9 70
9 39
9 40
9 42
9 43
9 47
9 48
9 50
9 77
9 59
9 74
9 62
10 12
10 13
10 14
10 79
10 16
10 17
10 19
10 20
10 21
10 22
10 25
10 28
10 69
10 31
10 34
10 38
10 64
10 42
10 71
10 46
10 72
10 60
10 65
11 12
11 13
11 77
11 15
11 17
11 18
11 19
11 20
11 78
11 24
11 28
11 35
11 38
11 44
11 45
11 47
11 48
11 49
11 53
11 76
12 70
12 13
12 14
12 15
12 16
12 18
12 19
12 20
12 26
12 79
12 32
12 35
12 38
12 39
12 44
12 56
12 59
12 62
13 64
13 68
13 69
13 14
13 17
13 75
13 19
13 20
13 24
13 31
13 33
13 36
13 37
13 40
13 44
13 46
13 72
13 50
13 53
13 56
13 58
13 61
13 63
14 65
14 70
14 15
14 18
14 19
14 25
14 40
14 43
14 45
14 47
14 48
14 76
14 50
14 57
14 59
15 48
15 66
15 47
15 16
15 51
15 21
15 54
15 41
15 25
15 28
15 61
15 31
16 33
16 51
16 46
16 18
16 35
16 25
16 60
16 74
16 62
17 36
17 69
17 73
17 48
17 71
17 18
17 54
17 23
17 56
17 25
17 26
17 58
17 55
17 31
18 32
18 34
18 43
18 66
18 71
18 58
18 52
18 59
18 26
18 27
18 28
18 29
18 30
19 65
19 36
19 38
19 45
19 40
19 20
19 22
19 23
19 24
19 47
19 31
20 43
20 70
20 39
20 77
20 47
20 49
20 50
20 56
20 28
20 29
20 30
21 32
21 34
21 59
21 42
21 62
21 27
21 29
21 30
21 31
22 35
22 77
22 72
22 23
22 24
23 32
23 34
23 35
23 71
23 63
23 55
23 26
23 54
23 37
24 70
24 49
24 53
24 39
24 29
25 74
25 69
25 79
25 45
26 72
26 41
26 71
26 51
26 57
27 67
27 37
27 33
27 40
27 45
27 49
27 52
27 41
27 58
27 63
28 32
28 39
28 64
28 44
28 50
28 29
28 62
29 37
29 72
29 76
29 46
29 50
29 52
29 69
30 51
30 42
31 36
31 70
32 68
32 55
33 34
33 74
33 77
33 50
34 66
35 75
35 36
35 38
35 76
35 42
35 45
35 49
35 51
36 65
36 37
36 43
36 55
36 39
38 43
38 73
38 63
39 67
39 73
39 46
39 48
39 76
40 63
41 67
41 75
41 42
42 54
43 67
43 71
43 79
43 54
43 73
43 57
43 60
45 69
45 66
45 78
45 57
45 61
46 64
46 75
46 49
46 53
46 55
46 56
47 78
47 57
49 58
50 66
50 67
50 79
50 52
50 53
51 58
52 64
52 65
52 73
52 78
52 57
53 65
53 72
53 71
53 60
55 78
55 56
55 58
56 68
56 73
56 75
56 78
56 60
56 61
59 68
59 74
59 67
60 64
60 75
60 79
60 61
61 70
63 66
66 76
75 77
76 79
