0 35
0 3
0 4
0 6
0 23
0 8
0 39
0 74
0 27
0 60
0 79
1 32
1 34
1 3
1 4
1 5
1 6
1 41
1 12
1 66
1 47
1 67
1 73
1 15
2 34
2 3
2 14
2 63
3 67
3 4
3 5
3 7
3 64
3 9
3 11
3 13
3 15
3 16
3 17
3 18
3 19
3 22
3 25
3 26
3 27
3 29
3 30
3 33
3 36
3 38
3 40
3 75
3 44
3 48
3 49
3 50
3 53
4 5
4 6
4 7
4 8
4 9
4 10
4 12
4 13
4 14
4 67
4 21
4 60
5 38
5 35
5 9
5 60
5 19
5 20
5 53
5 54
5 59
5 28
5 30
5 63
6 75
6 69
6 79
6 7
6 8
6 10
6 71
6 76
6 46
6 15
6 16
6 49
6 48
6 14
6 26
6 59
6 58
7 33
7 54
7 39
7 45
7 78
7 16
7 17
7 18
7 69
7 21
7 22
7 55
7 24
7 36
7 26
7 63
7 62
7 31
8 20
8 11
8 46
9 19
9 65
9 75
9 24
9 10
9 11
9 45
9 77
10 40
10 61
10 52
11 32
11 17
11 18
11 23
11 61
11 12
11 29
11 45
12 43
12 57
12 13
13 64
13 21
13 25
13 42
14 64
14 65
14 53
14 56
14 72
14 77
14 47
15 20
15 40
15 58
15 43
16 51
16 22
16 27
16 70
16 30
19 34
19 35
19 68
19 72
19 23
19 66
19 50
19 25
19 36
20 32
20 24
20 28
20 62
21 71
22 44
22 43
22 28
22 61
22 46
23 37
23 39
23 76
23 44
23 78
24 33
24 79
24 31
25 68
26 37
26 41
26 58
26 38
26 29
28 50
28 31
30 71
30 37
30 47
31 56
31 57
31 74
33 57
33 42
34 48
34 52
35 41
35 56
36 54
36 42
36 59
37 55
37 51
40 52
44 49
44 76
46 51
46 68
46 70
48 55
53 62
53 72
54 66
54 77
57 65
58 78
60 74
63 73
64 69
66 73
68 70
