0 64
0 5
0 6
0 7
0 8
0 9
0 11
0 76
0 13
0 14
0 15
0 20
0 21
0 22
0 23
0 24
0 26
0 27
0 29
0 31
0 33
0 36
0 37
0 45
0 47
0 77
0 55
0 56
1 16
1 49
1 5
1 6
1 7
1 24
1 9
1 71
1 39
1 21
1 15
2 32
2 5
2 6
2 7
2 8
2 9
2 10
2 11
2 44
2 16
2 76
2 52
2 41
2 23
2 24
2 28
3 8
3 14
3 5
3 6
3 15
4 17
4 20
4 5
4 31
5 6
5 7
5 8
5 9
5 10
5 11
5 12
5 13
5 14
5 77
5 16
5 17
5 18
5 19
5 21
5 26
5 29
5 30
5 36
5 37
5 38
5 39
5 41
5 43
5 70
5 46
5 47
5 52
5 54
5 73
5 65
5 63
6 68
6 7
6 64
6 9
6 10
6 77
6 16
6 18
6 21
6 54
6 24
6 33
6 59
6 37
7 67
7 68
7 65
7 8
7 74
7 75
7 12
7 13
7 14
7 15
7 78
7 22
7 23
7 24
7 71
7 27
7 28
7 30
7 31
7 33
7 38
7 39
7 42
7 43
7 50
7 51
7 52
7 54
7 56
7 60
8 64
8 72
8 10
8 11
8 12
8 13
8 14
8 16
8 17
8 18
8 67
8 20
8 21
8 22
8 26
8 29
8 35
8 37
8 42
8 47
8 48
8 60
9 40
9 10
9 11
9 77
9 48
9 49
9 19
9 20
9 54
9 57
9 74
9 70
9 61
10 41
10 12
10 57
10 22
10 23
10 56
10 25
10 61
10 37
11 36
11 57
11 12
11 13
11 17
11 19
11 53
11 55
11 25
11 58
12 33
12 34
12 51
12 44
12 15
12 48
12 40
12 42
12 52
12 56
12 25
12 49
12 29
12 30
13 32
13 34
13 63
14 18
14 70
14 60
14 28
14 34
14 31
15 32
15 38
15 22
16 32
16 59
16 66
16 67
16 45
16 17
16 19
16 55
16 38
16 62
17 34
17 79
17 18
17 55
17 23
17 25
17 29
17 30
18 35
18 36
18 39
18 44
18 79
18 19
18 20
18 78
18 59
18 27
19 65
19 25
19 58
19 34
19 63
19 53
20 40
20 52
20 47
21 27
21 71
21 73
21 42
21 44
21 46
21 79
21 50
21 26
21 38
21 28
22 50
22 35
22 66
22 79
22 61
22 30
24 43
24 46
24 51
24 53
24 26
24 60
24 62
25 27
25 69
25 43
25 74
25 62
25 63
26 50
26 35
26 72
27 66
27 35
27 36
27 40
27 39
27 77
27 78
27 47
27 48
27 49
27 58
27 28
27 62
28 72
28 42
29 32
29 75
30 51
30 72
30 70
30 31
31 48
31 69
32 33
32 75
32 53
32 65
32 61
33 57
33 71
33 45
33 76
34 45
35 68
35 71
35 41
35 44
35 62
36 40
36 73
36 76
36 78
36 46
36 69
37 50
37 43
38 41
39 64
39 55
39 46
41 68
41 54
41 78
42 45
44 64
44 53
45 58
45 63
47 59
47 70
47 79
48 49
49 66
49 51
49 68
49 58
49 61
51 56
51 60
53 59
53 66
53 69
53 74
56 57
56 75
57 67
57 65
57 72
60 67
60 73
61 76
62 69
63 73
65 74
69 75
