0 48
0 3
0 4
0 73
0 55
0 40
0 36
0 10
0 12
0 26
1 3
1 4
1 6
1 8
1 10
1 44
1 79
1 50
1 84
1 86
1 87
1 58
1 62
2 32
2 3
2 5
2 6
2 76
2 15
3 4
3 5
3 70
3 7
3 9
3 10
3 11
3 13
3 14
3 77
3 16
3 17
3 18
3 20
3 22
3 25
3 28
3 29
3 81
3 45
3 47
3 49
3 51
3 56
3 57
4 5
4 38
4 7
4 40
4 73
4 11
4 14
4 15
4 18
4 83
4 46
4 22
4 56
4 27
4 28
4 61
4 31
5 86
5 6
5 7
5 8
5 9
5 74
5 12
5 13
5 14
5 15
5 16
5 18
5 19
5 21
5 22
5 24
5 25
5 27
5 29
5 32
5 34
5 35
5 77
5 37
5 39
5 41
5 42
5 67
5 82
5 57
5 63
7 49
7 83
7 38
7 23
7 8
7 72
7 60
8 68
8 66
8 59
8 36
8 72
8 9
8 75
8 12
8 16
8 52
8 57
8 26
8 27
8 58
9 33
9 43
9 61
10 52
10 86
10 59
10 55
10 24
10 11
10 45
10 63
11 64
11 51
11 39
11 76
11 13
11 80
11 19
11 20
11 21
11 25
11 29
11 85
11 31
12 17
12 50
12 23
12 60
12 30
12 53
13 33
13 87
13 74
13 44
14 35
14 82
14 19
14 81
15 17
15 41
15 80
15 49
15 82
15 24
15 23
15 56
15 36
15 26
15 88
16 32
16 65
17 72
17 42
17 79
17 62
18 44
18 62
18 21
19 34
19 20
19 73
19 71
19 68
19 78
19 69
20 78
20 30
21 51
21 84
21 55
21 47
21 42
21 63
21 37
22 65
22 52
22 39
23 31
23 30
24 48
24 34
24 68
24 54
24 89
24 28
24 50
28 33
28 66
28 38
28 41
28 46
29 48
29 40
29 79
30 60
30 43
30 46
31 43
31 35
31 70
32 71
32 89
32 53
33 88
34 37
37 53
37 85
38 47
39 66
39 77
39 78
42 67
42 45
42 85
46 64
48 70
48 80
49 58
50 54
50 64
51 54
52 87
56 65
56 59
56 76
57 81
57 75
59 69
59 89
59 61
60 67
60 69
60 75
63 88
64 83
67 74
68 71
69 84
