0 81
0 5
0 6
0 23
0 7
0 86
0 15
1 83
1 5
2 33
2 5
2 6
2 49
2 31
2 41
2 10
2 27
2 70
2 46
2 15
3 64
3 33
3 66
3 35
3 5
3 6
3 7
3 8
3 9
3 10
3 71
3 17
3 18
3 21
3 40
3 89
3 26
3 74
3 53
4 65
4 67
4 5
4 6
4 7
4 8
4 9
4 10
4 12
4 13
4 14
4 77
4 16
4 18
4 84
4 78
4 22
4 24
4 25
4 86
4 30
4 33
4 36
4 37
4 80
4 46
4 55
4 57
5 86
5 6
5 7
5 8
5 9
5 11
5 12
5 13
5 14
5 15
5 81
5 19
5 20
5 21
5 73
5 24
5 25
5 27
5 28
5 29
5 31
5 34
5 35
5 70
5 38
5 39
5 41
5 66
5 43
5 78
5 48
5 51
5 68
5 56
5 60
5 61
5 62
6 7
6 8
6 11
6 14
6 16
6 82
6 20
6 22
6 30
6 31
6 33
6 34
6 37
6 39
6 40
6 42
6 43
6 45
6 47
6 72
6 51
6 53
6 54
6 56
7 8
7 9
7 10
7 11
7 12
7 78
7 15
7 16
7 18
7 20
7 23
7 25
7 27
7 32
7 36
7 38
7 41
7 42
7 50
7 52
7 53
7 55
7 59
8 64
8 79
8 9
8 10
8 11
8 12
8 13
8 15
8 80
8 17
8 19
8 85
8 22
8 69
8 89
8 26
8 27
8 28
8 30
8 31
8 34
8 39
8 47
8 49
8 51
8 56
8 58
9 35
9 38
9 11
9 13
9 17
9 75
9 19
9 84
9 21
9 23
9 55
9 70
10 70
10 74
10 12
10 13
10 14
10 16
10 82
10 21
10 28
10 29
10 36
10 39
10 40
10 71
10 44
10 53
10 60
11 32
11 47
11 72
11 19
11 54
11 88
11 59
11 81
12 64
12 34
12 41
12 43
12 80
12 17
12 19
12 20
12 23
12 24
12 84
12 58
12 59
12 61
12 30
13 44
13 14
13 17
13 83
13 74
13 57
13 28
13 42
13 69
13 37
14 32
14 41
14 77
14 18
14 82
14 22
14 25
14 27
14 28
15 80
15 67
15 68
15 73
15 71
15 76
15 45
15 47
15 16
15 56
15 83
15 20
15 54
15 24
15 52
15 72
16 75
16 81
16 87
16 88
16 57
16 30
16 31
17 32
17 36
17 37
17 49
17 18
17 57
17 62
18 34
18 40
18 66
18 79
18 85
18 22
18 26
18 63
19 67
19 71
19 45
19 29
19 21
19 58
19 60
19 61
19 62
20 65
20 50
20 89
20 87
20 77
21 33
21 67
21 23
21 80
21 59
22 32
22 69
22 48
22 89
22 87
22 24
22 25
22 61
23 35
23 40
23 26
23 29
24 50
24 39
24 26
24 43
24 69
25 37
26 78
26 51
26 58
26 76
26 46
26 63
27 54
27 76
27 44
28 49
28 86
28 57
28 29
29 66
29 38
29 83
30 72
30 73
30 44
30 62
31 48
31 36
31 73
31 45
31 46
31 50
31 88
32 50
32 43
32 52
32 54
32 58
32 65
33 64
33 42
33 38
33 78
34 35
34 45
34 46
34 63
35 48
35 85
36 86
36 60
37 51
37 70
37 65
38 63
39 82
39 53
40 64
40 42
41 52
41 44
41 79
43 68
43 75
43 62
43 85
44 48
45 68
45 82
46 88
46 84
46 47
46 77
47 74
48 49
48 81
48 52
48 55
48 83
48 61
49 85
49 63
50 67
50 69
50 75
51 59
51 76
52 87
52 55
53 77
53 79
54 73
55 66
55 56
55 74
56 89
56 60
58 68
59 76
61 71
61 72
63 65
64 88
65 79
70 75
80 87
81 84
