0 68
0 7
0 8
0 9
0 10
0 11
0 12
0 77
0 14
0 13
0 17
0 19
0 20
0 23
0 26
0 15
0 40
0 83
0 53
0 54
0 56
0 63
1 33
1 34
1 36
1 69
1 7
1 8
1 44
1 10
1 12
1 13
1 81
1 18
1 85
1 22
1 23
1 26
1 60
1 74
1 30
2 66
2 69
2 70
2 7
2 8
2 9
2 10
2 11
2 12
2 13
2 77
2 15
2 16
2 17
2 19
2 20
2 21
2 22
2 23
2 24
2 88
2 31
2 34
2 40
2 42
2 45
2 48
2 55
2 84
2 87
2 59
2 63
3 68
3 7
3 8
3 9
3 10
3 11
3 12
3 13
3 14
3 82
3 21
3 22
3 25
3 26
3 31
3 32
3 35
3 36
3 37
3 46
3 47
3 49
3 72
4 64
4 17
4 18
4 54
4 7
4 9
4 13
4 30
5 48
5 19
5 36
5 54
5 7
5 8
5 9
5 27
5 76
5 78
5 89
6 8
6 49
6 51
6 37
6 7
7 8
7 9
7 10
7 11
7 12
7 13
7 14
7 15
7 16
7 17
7 18
7 20
7 21
7 22
7 23
7 25
7 26
7 27
7 28
7 38
7 45
7 46
7 47
7 53
7 57
7 85
8 68
8 9
8 10
8 11
8 12
8 13
8 14
8 15
8 16
8 17
8 82
8 19
8 21
8 23
8 24
8 25
8 26
8 27
8 29
8 34
8 35
8 70
8 38
8 41
8 42
8 78
8 45
8 48
8 51
8 89
8 83
8 58
8 60
8 65
9 10
9 11
9 12
9 14
9 16
9 18
9 20
9 22
9 26
9 75
9 29
9 30
9 84
9 35
9 39
9 51
9 74
9 57
9 61
10 33
10 38
10 74
10 11
10 14
10 35
10 52
10 54
10 67
10 25
10 71
10 30
11 64
11 68
11 75
11 15
11 17
11 19
11 85
11 83
11 79
11 28
11 36
11 37
11 81
11 40
11 41
11 42
11 47
11 48
11 51
11 56
12 74
12 64
12 15
12 16
12 19
12 24
12 25
12 27
12 28
12 33
12 38
12 39
12 41
12 71
12 72
12 79
12 58
12 59
12 60
13 14
13 16
13 17
13 18
13 86
13 87
13 25
13 26
13 29
13 35
13 36
13 37
13 40
13 41
13 43
13 49
13 53
13 54
13 72
13 60
14 75
14 15
14 16
14 20
14 21
14 79
14 28
14 32
14 37
14 42
14 43
14 47
14 48
14 49
14 58
14 74
15 64
15 67
15 69
15 74
15 81
15 18
15 84
15 23
15 24
15 72
15 29
15 31
15 32
15 34
15 35
15 39
15 40
15 41
15 43
15 47
15 49
15 50
15 51
15 55
15 56
15 57
15 58
16 32
16 33
16 67
16 39
16 47
16 80
16 72
16 51
16 20
16 24
16 89
16 62
17 69
17 73
17 78
17 18
17 19
17 21
17 68
17 71
17 27
17 32
17 38
17 42
17 43
17 44
17 45
17 50
17 61
18 32
18 33
18 70
18 42
18 73
18 46
18 77
18 20
18 21
18 22
18 55
18 27
18 30
18 31
19 42
19 78
19 52
19 53
19 23
19 72
19 28
19 74
19 69
19 31
20 50
20 40
20 75
20 76
20 34
20 45
20 56
20 53
20 22
20 24
20 59
20 28
20 62
20 31
21 36
21 66
21 46
21 67
21 56
21 88
21 28
21 61
21 62
21 63
22 64
22 77
22 79
22 83
22 55
22 24
23 85
23 72
24 64
24 70
24 76
24 79
24 43
24 50
24 25
24 63
24 29
24 30
24 52
25 37
25 59
25 27
25 29
26 40
26 43
26 61
26 49
26 29
27 33
27 34
27 41
27 46
27 44
27 76
27 86
27 30
27 31
28 32
28 41
28 82
28 50
28 51
28 86
28 89
29 33
29 71
29 44
29 89
29 58
29 79
30 34
30 76
30 47
30 48
30 63
31 64
31 39
31 75
31 44
31 45
31 54
32 48
32 36
32 38
32 39
32 71
32 52
32 57
32 61
32 62
33 35
33 70
33 65
33 83
33 60
33 63
34 38
34 73
34 79
34 87
34 82
34 50
34 55
35 66
35 37
35 75
35 44
35 46
35 54
35 87
35 89
35 58
35 86
35 63
36 70
36 39
36 73
36 43
36 55
37 80
37 83
38 69
38 44
38 45
38 77
38 80
38 56
38 62
39 62
39 49
39 55
40 58
40 53
40 88
40 52
41 78
42 46
42 56
42 83
42 71
43 80
43 59
44 86
44 57
44 71
44 59
45 84
45 57
45 81
45 50
46 52
46 76
47 73
47 81
47 87
47 60
47 61
48 65
48 73
48 66
49 52
49 53
49 68
50 65
50 61
51 65
51 66
51 67
51 78
51 86
51 89
51 57
51 59
52 84
53 87
54 67
54 78
56 77
57 80
57 60
57 85
57 81
59 80
59 62
60 66
60 65
60 76
60 86
60 88
61 88
61 66
62 65
62 67
62 81
62 82
62 88
63 70
63 75
63 77
64 85
64 73
66 68
66 84
67 69
67 87
68 82
69 80
69 82
72 84
78 85
87 88
