0 1
0 2
0 3
0 5
0 10
0 11
0 12
0 15
0 16
0 17
0 18
0 19
1 2
1 3
1 4
1 5
1 7
1 9
1 12
1 14
1 16
1 18
1 19
2 3
2 4
2 5
2 19
2 7
2 6
2 15
2 16
3 19
3 4
3 5
3 6
3 7
3 13
3 14
4 16
4 5
4 6
4 7
4 11
4 12
4 13
4 15
5 17
5 6
5 7
5 8
5 12
5 15
6 7
6 8
6 9
6 10
6 11
6 12
7 8
7 9
7 10
7 12
7 14
7 15
7 16
8 16
8 19
8 9
8 10
8 11
8 15
9 16
9 10
9 11
9 12
9 15
10 16
10 18
10 11
10 12
10 13
10 14
11 16
11 12
11 13
11 14
11 15
12 13
12 14
12 15
12 16
12 17
13 16
13 14
13 15
14 16
14 17
14 19
14 15
15 16
15 17
15 18
16 17
16 18
16 19
17 18
17 19
18 19
