0 1
0 2
0 3
0 4
0 5
0 9
0 10
0 17
0 19
0 20
0 23
0 25
0 27
0 28
0 29
1 2
1 3
1 4
1 6
1 7
1 8
1 11
1 13
1 16
1 19
1 20
1 23
1 28
1 29
2 3
2 4
2 5
2 19
2 17
2 24
2 23
2 28
2 29
3 4
3 5
3 6
3 8
3 13
4 20
4 5
4 6
4 7
4 15
4 23
4 27
5 17
5 6
5 7
5 8
5 26
5 27
5 16
6 16
6 19
6 7
6 8
6 9
6 10
6 23
7 22
7 8
7 9
7 10
7 14
7 15
8 9
8 10
8 11
8 14
8 15
9 19
9 23
9 10
9 11
9 12
10 18
10 19
10 25
10 11
10 12
10 13
11 26
11 24
11 25
11 12
11 13
11 14
11 15
12 16
12 27
12 21
12 25
12 29
12 13
12 14
12 15
13 16
13 22
13 28
13 14
13 15
14 16
14 17
14 19
14 21
14 22
14 15
15 16
15 17
15 18
15 26
16 17
16 18
16 19
16 20
16 24
16 25
17 18
17 19
17 20
17 24
17 27
18 19
18 20
18 21
18 28
18 26
19 20
19 21
19 22
20 21
20 22
20 23
20 27
20 29
21 22
21 23
21 24
21 26
22 26
22 23
22 24
22 25
22 27
23 24
23 25
23 26
24 25
24 26
24 27
25 26
25 27
25 28
26 27
26 28
26 29
27 28
27 29
28 29
