0 1
0 2
0 17
0 25
0 28
0 29
0 12
1 2
1 3
1 21
1 6
1 24
1 25
1 26
1 29
1 14
1 15
2 3
2 4
2 20
2 27
2 29
3 4
3 5
3 17
4 19
4 5
4 6
4 14
5 6
5 7
6 22
6 7
6 8
6 21
7 8
7 9
7 11
8 18
8 19
8 9
8 10
8 29
8 13
9 18
9 10
9 11
9 15
10 11
10 12
10 20
11 12
11 13
12 22
12 13
12 14
13 17
13 23
13 29
13 14
13 15
14 16
14 15
15 16
15 17
15 26
16 17
16 18
16 23
16 28
17 18
17 19
17 25
17 28
18 19
18 20
18 28
19 20
19 21
20 21
20 22
20 24
21 22
21 23
21 26
22 23
22 24
22 25
23 24
23 25
24 25
24 26
24 27
25 26
25 27
25 28
26 27
26 28
27 28
27 29
28 29
