0 1
0 2
0 3
0 27
0 28
0 29
1 2
1 3
1 4
1 28
1 29
2 3
2 4
2 5
2 7
2 29
3 4
3 5
3 6
3 20
4 5
4 6
4 7
4 24
4 23
5 19
5 22
5 6
5 7
5 8
5 14
5 15
6 7
6 8
6 9
7 8
7 9
7 10
7 27
8 9
8 10
8 11
9 27
9 10
9 11
9 12
10 16
10 19
10 11
10 12
10 13
10 14
11 24
11 12
11 13
11 14
12 13
12 14
12 15
13 16
13 25
13 14
13 15
14 16
14 17
14 15
15 16
15 17
15 18
15 22
15 28
16 17
16 18
16 19
17 18
17 19
17 20
18 19
18 20
18 21
18 26
19 20
19 21
19 22
20 21
20 22
20 23
21 22
21 23
21 24
22 23
22 24
22 25
23 24
23 25
23 26
23 28
24 25
24 26
24 27
25 26
25 27
25 28
26 27
26 28
26 29
27 28
27 29
28 29
