0 1
0 2
0 3
0 8
0 14
0 17
0 22
0 23
0 25
0 26
0 27
0 28
0 29
1 2
1 3
1 4
1 21
1 12
1 28
1 29
2 3
2 4
2 5
2 19
2 17
2 29
2 16
3 19
3 4
3 5
3 6
3 10
3 29
3 15
4 5
4 6
4 7
4 11
4 21
5 6
5 7
5 8
6 7
6 8
6 9
6 26
6 23
6 29
7 8
7 9
7 10
7 28
7 21
8 9
8 10
8 11
8 21
9 10
9 11
9 12
10 11
10 12
10 13
10 28
10 15
11 27
11 12
11 13
11 14
11 15
12 27
12 20
12 21
12 28
12 13
12 14
12 15
13 16
13 21
13 28
13 14
13 15
14 16
14 17
14 20
14 23
14 24
14 15
15 16
15 17
15 18
15 23
16 17
16 18
16 19
17 18
17 19
17 20
17 23
17 29
18 19
18 20
18 21
18 22
19 20
19 21
19 22
19 26
20 21
20 22
20 23
21 22
21 23
21 24
22 23
22 24
22 25
23 24
23 25
23 26
24 25
24 26
24 27
25 26
25 27
25 28
26 27
26 28
26 29
27 28
27 29
28 29
