0 1
0 2
0 5
0 12
0 26
0 27
0 28
0 29
1 2
1 3
1 21
1 23
1 10
1 29
1 14
2 3
2 4
2 22
2 7
2 8
2 15
3 4
3 5
3 22
3 8
3 18
4 17
4 19
4 5
4 6
5 6
5 7
5 24
5 20
5 14
5 15
6 16
6 20
6 7
6 8
6 27
7 19
7 8
7 9
8 25
8 9
8 10
8 27
8 14
9 25
9 10
9 11
9 28
10 11
10 12
10 15
11 12
11 13
11 25
12 16
12 20
12 13
12 14
13 16
13 26
13 14
13 15
14 16
14 18
14 19
14 24
14 15
15 16
15 17
16 17
16 18
17 18
17 19
17 29
18 19
18 20
18 27
19 20
19 21
19 24
19 27
20 21
20 22
21 22
21 23
22 23
22 24
22 25
22 28
23 24
23 25
23 28
23 29
24 25
24 26
25 26
25 27
26 27
26 28
27 28
27 29
28 29
