0 1
0 2
0 3
0 4
0 8
0 12
0 16
0 21
0 25
0 27
0 28
0 29
1 2
1 3
1 4
1 6
1 8
1 11
1 16
1 17
1 22
1 25
1 26
1 28
1 29
2 3
2 4
2 5
2 9
2 26
2 29
2 21
3 4
3 5
3 6
3 10
3 11
3 28
3 13
4 5
4 6
4 7
4 24
4 14
4 19
5 24
5 6
5 7
5 8
5 23
5 27
5 12
5 18
6 22
6 7
6 8
6 9
6 17
6 23
6 20
7 18
7 8
7 9
7 10
8 9
8 10
8 11
8 15
9 21
9 10
9 11
9 12
9 13
10 27
10 25
10 21
10 11
10 12
10 13
10 15
11 12
11 13
11 14
12 25
12 13
12 14
12 15
13 16
13 24
13 14
13 15
14 16
14 17
14 19
14 22
14 15
15 16
15 17
15 18
15 20
16 17
16 18
16 19
16 20
16 27
16 29
17 18
17 19
17 20
17 23
18 19
18 20
18 21
18 27
18 28
19 20
19 21
19 22
19 26
20 21
20 22
20 23
21 22
21 23
21 24
21 26
22 23
22 24
22 25
22 27
23 24
23 25
23 26
23 29
24 25
24 26
24 27
24 28
25 26
25 27
25 28
26 27
26 28
26 29
27 28
27 29
28 29
