0 1
0 2
0 3
0 4
0 6
0 7
0 10
0 15
0 16
0 19
0 20
0 25
0 26
0 27
0 28
0 29
1 2
1 3
1 4
1 5
1 8
1 10
1 11
1 17
1 23
1 25
1 27
1 28
1 29
2 3
2 4
2 5
2 6
2 8
2 11
2 12
2 18
2 19
2 21
2 25
2 28
2 29
3 4
3 5
3 6
3 7
3 23
3 18
3 12
3 29
4 5
4 6
4 7
4 8
4 13
4 19
4 21
4 24
5 6
5 7
5 8
5 9
5 14
5 19
5 20
5 22
5 24
6 7
6 8
6 9
6 10
6 12
6 13
6 17
6 18
6 20
7 19
7 8
7 9
7 10
7 11
8 9
8 10
8 11
8 12
8 13
8 16
8 20
8 21
8 22
9 10
9 11
9 12
9 13
9 15
9 18
9 19
9 22
10 11
10 12
10 13
10 14
10 15
10 20
10 23
11 12
11 13
11 14
11 15
11 16
11 17
11 18
12 13
12 14
12 15
12 16
12 23
12 29
13 14
13 15
13 16
13 17
13 20
13 23
13 27
14 15
14 16
14 17
14 18
14 19
14 23
14 25
14 28
15 16
15 17
15 18
15 19
15 23
15 25
15 29
16 17
16 18
16 19
16 20
16 21
16 27
17 18
17 19
17 20
17 21
18 19
18 20
18 21
18 22
18 26
19 20
19 21
19 22
19 23
19 25
19 26
20 21
20 22
20 23
20 24
20 25
21 22
21 23
21 24
21 25
21 28
22 23
22 24
22 25
22 26
23 24
23 25
23 26
23 27
24 25
24 26
24 27
24 28
24 29
25 26
25 27
25 28
25 29
26 27
26 28
26 29
27 28
27 29
28 29
