0 1
0 2
0 3
0 4
0 6
0 13
0 17
0 25
0 26
0 27
0 28
0 29
1 2
1 3
1 4
1 5
1 12
1 27
1 28
1 29
1 14
2 3
2 4
2 5
2 6
2 26
2 28
2 29
3 4
3 5
3 6
3 7
3 22
3 29
3 15
4 5
4 6
4 7
4 8
4 14
5 17
5 6
5 7
5 8
5 9
6 7
6 8
6 9
6 10
7 8
7 9
7 10
7 11
8 9
8 10
8 11
8 12
8 15
9 10
9 11
9 12
9 13
10 18
10 23
10 11
10 12
10 13
10 14
11 24
11 12
11 13
11 14
11 15
12 16
12 22
12 13
12 14
12 15
13 16
13 17
13 14
13 15
14 16
14 17
14 18
14 15
15 16
15 17
15 18
15 19
15 24
16 17
16 18
16 19
16 20
16 26
17 18
17 19
17 20
17 21
17 29
18 19
18 20
18 21
18 22
19 20
19 21
19 22
19 23
20 21
20 22
20 23
20 24
21 22
21 23
21 24
21 25
22 23
22 24
22 25
22 26
23 24
23 25
23 26
23 27
24 25
24 26
24 27
24 28
25 26
25 27
25 28
25 29
26 27
26 28
26 29
27 28
27 29
28 29
