0 1
0 2
0 3
0 37
0 38
0 39
0 30
0 35
1 2
1 3
1 4
1 38
1 39
1 29
1 14
2 3
2 4
2 5
2 39
2 26
2 14
3 4
3 5
3 6
4 5
4 6
4 7
4 23
5 37
5 6
5 7
5 8
5 9
6 7
6 8
6 9
6 29
7 8
7 9
7 10
7 20
8 9
8 10
8 11
9 10
9 11
9 12
9 26
10 34
10 21
10 11
10 12
10 13
11 12
11 13
11 14
11 31
12 33
12 28
12 13
12 14
12 15
13 16
13 14
13 15
14 16
14 17
14 15
15 16
15 17
15 18
15 32
16 17
16 18
16 19
17 18
17 19
17 20
18 19
18 20
18 21
19 20
19 21
19 22
19 24
19 26
19 31
20 21
20 22
20 23
20 25
21 22
21 23
21 24
22 23
22 24
22 25
23 33
23 39
23 24
23 25
23 26
24 25
24 26
24 27
25 26
25 27
25 28
26 27
26 28
26 29
27 28
27 29
27 30
27 31
28 29
28 30
28 31
29 32
29 30
29 31
30 32
30 33
30 31
31 32
31 33
31 34
32 33
32 34
32 35
33 34
33 35
33 36
34 35
34 36
34 37
35 36
35 37
35 38
36 37
36 38
36 39
37 38
37 39
38 39
