0 1
0 2
0 3
0 37
0 38
0 39
0 10
0 23
0 34
0 29
1 2
1 3
1 4
1 5
1 38
1 39
1 24
1 7
2 3
2 4
2 5
2 35
2 39
2 26
3 4
3 5
3 6
3 27
3 28
3 34
4 5
4 6
4 7
4 12
4 35
5 17
5 6
5 7
5 8
5 11
5 34
6 32
6 33
6 7
6 8
6 9
6 17
6 18
6 23
6 28
7 33
7 8
7 9
7 10
7 38
8 23
8 9
8 10
8 11
8 31
9 18
9 23
9 10
9 11
9 12
10 33
10 16
10 11
10 12
10 13
10 24
11 35
11 30
11 24
11 12
11 13
11 14
11 37
12 32
12 34
12 20
12 36
12 13
12 14
12 15
13 16
13 27
13 23
13 14
13 15
14 35
14 36
14 15
14 16
14 17
14 19
14 20
14 30
14 31
15 16
15 17
15 18
15 20
15 23
16 17
16 18
16 19
16 31
16 27
17 18
17 19
17 20
17 22
18 19
18 20
18 21
19 20
19 21
19 22
19 36
20 21
20 22
20 23
21 22
21 23
21 24
21 28
21 34
22 23
22 24
22 25
22 29
22 37
23 24
23 25
23 26
24 33
24 25
24 26
24 27
25 26
25 27
25 28
25 30
26 37
26 27
26 28
26 29
27 32
27 36
27 35
27 28
27 29
27 30
28 29
28 30
28 31
29 32
29 30
29 31
30 32
30 33
30 31
31 32
31 33
31 34
31 35
32 33
32 34
32 35
33 34
33 35
33 36
34 35
34 36
34 37
35 36
35 37
35 38
36 37
36 38
36 39
37 38
37 39
38 39
