0 1
0 2
0 3
0 36
0 37
0 38
0 39
0 9
0 10
0 15
0 18
0 4
0 27
1 32
1 2
1 3
1 4
1 38
1 39
1 10
1 35
1 29
1 15
2 3
2 4
2 5
2 38
2 39
2 15
2 19
2 23
2 25
2 26
3 4
3 5
3 6
3 24
3 22
3 11
3 30
3 16
4 5
4 6
4 7
4 8
4 15
4 19
4 24
4 26
4 35
5 6
5 7
5 8
5 11
5 30
6 16
6 7
6 8
6 9
6 20
6 31
7 35
7 8
7 9
7 10
7 13
7 15
7 21
7 22
7 31
8 36
8 9
8 10
8 11
8 13
9 34
9 38
9 10
9 11
9 12
9 13
9 14
9 17
9 23
9 30
9 31
10 36
10 11
10 12
10 13
11 33
11 12
11 13
11 14
11 21
11 27
11 28
12 38
12 25
12 28
12 13
12 14
12 15
13 33
13 14
13 15
13 16
13 18
13 28
13 31
14 16
14 17
14 34
14 36
14 28
14 15
15 16
15 17
15 18
15 22
15 26
16 17
16 18
16 19
16 22
16 39
16 21
17 32
17 18
17 19
17 20
17 22
18 39
18 19
18 20
18 21
18 23
18 25
18 28
19 34
19 20
19 21
19 22
19 32
19 24
20 36
20 21
20 22
20 23
20 28
20 34
21 32
21 22
21 23
21 24
21 36
22 23
22 24
22 25
22 30
23 33
23 35
23 24
23 25
23 26
24 34
24 25
24 26
24 27
24 28
25 26
25 27
25 28
26 32
26 34
26 27
26 28
26 29
26 36
27 35
27 28
27 29
27 30
28 32
28 29
28 30
28 31
29 32
29 33
29 30
29 31
30 32
30 33
30 39
30 31
31 32
31 33
31 34
32 33
32 34
32 35
33 34
33 35
33 36
33 37
34 35
34 36
34 37
35 36
35 37
35 38
36 37
36 38
36 39
37 38
37 39
38 39
