0 1
0 2
0 3
0 4
0 37
0 38
0 39
0 7
0 14
0 15
0 19
0 36
0 27
0 5
0 30
0 31
1 2
1 3
1 4
1 5
1 38
1 39
1 12
1 13
1 16
1 34
1 18
1 19
1 20
1 30
1 37
2 3
2 4
2 5
2 6
2 39
2 11
2 12
2 14
2 15
2 19
2 32
2 24
2 25
2 26
2 38
2 28
2 29
2 37
3 33
3 4
3 5
3 6
3 7
3 8
3 39
3 15
3 21
3 23
3 26
3 27
3 28
4 5
4 6
4 7
4 8
4 13
4 15
4 20
4 22
4 38
4 28
5 6
5 38
5 7
5 8
5 9
5 14
5 20
6 7
6 8
6 9
6 10
6 13
6 16
6 19
6 24
6 36
6 26
6 29
6 31
7 34
7 8
7 9
7 10
7 11
7 13
7 14
7 15
7 17
7 35
7 25
7 30
8 9
8 10
8 11
8 12
8 14
8 24
8 37
8 31
9 10
9 11
9 12
9 13
9 14
9 21
9 24
9 25
10 11
10 12
10 13
10 14
10 15
10 18
10 19
10 21
11 34
11 12
11 13
11 14
11 15
11 21
11 23
11 24
11 26
11 28
12 32
12 34
12 39
12 13
12 14
12 15
12 16
12 28
12 29
13 32
13 39
13 14
13 15
13 16
13 17
14 35
14 39
14 15
14 16
14 17
14 18
15 34
15 16
15 17
15 18
15 19
15 22
16 33
16 17
16 18
16 19
16 20
16 23
16 24
17 32
17 35
17 18
17 19
17 20
17 21
17 27
17 30
18 32
18 34
18 19
18 20
18 21
18 22
18 29
18 30
18 31
19 35
19 36
19 20
19 21
19 22
19 23
19 29
20 21
20 22
20 23
20 24
20 25
20 27
20 31
21 32
21 37
21 22
21 23
21 24
21 25
21 27
21 29
21 30
22 32
22 35
22 37
22 23
22 24
22 25
22 26
23 24
23 25
23 26
23 27
23 30
23 31
24 35
24 25
24 26
24 27
24 28
25 39
25 26
25 27
25 28
25 29
25 30
25 31
26 27
26 28
26 29
26 30
27 33
27 34
27 28
27 29
27 30
27 31
28 32
28 38
28 36
28 29
28 30
28 31
29 32
29 33
29 34
29 30
29 31
30 32
30 33
30 34
30 36
30 31
31 32
31 33
31 34
31 35
31 39
32 33
32 34
32 35
32 36
33 34
33 35
33 36
33 37
34 35
34 36
34 37
34 38
35 36
35 37
35 38
35 39
36 37
36 38
36 39
37 38
37 39
38 39
