0 33
0 1
0 2
0 3
0 36
0 37
0 38
0 39
0 10
0 14
0 22
1 2
1 3
1 4
1 6
1 38
1 39
1 9
1 27
1 18
2 18
2 3
2 4
2 5
2 39
2 13
2 37
3 4
3 5
3 6
3 39
3 24
3 36
4 5
4 6
4 7
4 8
4 14
4 16
4 19
4 24
4 30
5 21
5 6
5 7
5 8
5 12
5 18
6 7
6 8
6 9
7 8
7 9
7 10
7 31
7 20
7 37
8 9
8 10
8 11
8 36
8 26
8 31
9 19
9 36
9 10
9 11
9 12
9 30
10 20
10 11
10 12
10 13
11 33
11 25
11 17
11 12
11 13
11 14
12 34
12 19
12 23
12 13
12 14
12 15
13 16
13 14
13 15
14 16
14 17
14 20
14 15
15 16
15 17
15 18
15 29
16 17
16 18
16 19
16 39
16 26
17 18
17 19
17 20
17 28
18 19
18 20
18 21
18 23
19 20
19 21
19 22
20 32
20 21
20 22
20 23
20 25
21 22
21 23
21 24
21 36
22 23
22 24
22 25
23 34
23 24
23 25
23 26
24 33
24 25
24 26
24 27
25 26
25 27
25 28
25 30
26 27
26 28
26 29
27 36
27 28
27 29
27 30
28 34
28 29
28 30
28 31
29 32
29 34
29 30
29 31
30 32
30 33
30 31
31 32
31 33
31 34
32 33
32 34
32 35
32 39
33 34
33 35
33 36
34 35
34 36
34 37
35 36
35 37
35 38
36 37
36 38
36 39
37 38
37 39
38 39
