0 1
0 2
0 38
0 39
0 12
0 28
1 2
1 3
1 4
1 39
1 8
1 14
2 3
2 4
3 4
3 5
3 33
3 36
4 5
4 6
4 10
5 6
5 7
6 18
6 36
6 7
6 8
7 8
7 9
8 34
8 9
8 10
9 32
9 10
9 11
10 11
10 12
10 14
11 39
11 12
11 13
11 31
12 13
12 14
13 27
13 29
13 14
13 15
14 16
14 36
14 31
14 15
15 16
15 17
15 21
15 24
16 32
16 17
16 18
17 18
17 19
17 28
18 19
18 20
18 37
19 32
19 20
19 21
20 21
20 22
21 22
21 23
22 24
22 23
23 24
23 25
24 25
24 26
25 26
25 27
26 27
26 28
27 32
27 36
27 37
27 28
27 29
28 29
28 30
29 30
29 31
30 32
30 35
30 31
31 32
31 33
32 33
32 34
32 38
33 34
33 35
34 35
34 36
35 36
35 37
36 37
36 38
37 38
37 39
38 39
