0 1
0 2
0 5
0 38
0 39
0 9
0 26
0 13
0 30
1 19
1 2
1 3
1 4
1 38
1 39
1 14
2 3
2 4
2 33
2 7
2 31
3 4
3 5
4 5
4 6
4 8
4 9
4 10
4 38
5 16
5 34
5 6
5 7
5 35
6 24
6 35
6 7
6 8
7 8
7 9
7 26
8 24
8 9
8 10
8 20
9 32
9 10
9 11
10 21
10 25
10 11
10 12
10 15
11 19
11 12
11 13
11 30
11 29
12 37
12 25
12 13
12 14
12 15
13 17
13 35
13 20
13 21
13 33
13 28
13 14
13 15
14 16
14 38
14 15
15 16
15 17
15 20
16 32
16 17
16 18
16 19
16 23
17 18
17 19
17 26
17 29
18 19
18 20
18 24
18 26
19 27
19 20
19 21
19 22
19 32
20 35
20 21
20 22
21 22
21 23
21 31
22 23
22 24
22 37
23 24
23 25
23 30
24 25
24 26
24 30
25 26
25 27
26 27
26 28
27 35
27 28
27 29
28 38
28 29
28 30
29 30
29 31
30 32
30 37
30 31
31 32
31 33
32 33
32 34
32 36
33 34
33 35
33 36
34 35
34 36
34 37
35 36
35 37
36 37
36 38
37 38
37 39
38 39
