0 1
0 2
0 3
0 4
0 37
0 38
0 39
0 36
0 33
0 29
0 30
0 5
1 2
1 3
1 4
1 5
1 38
1 39
1 23
1 34
1 37
2 3
2 4
2 5
2 6
2 39
2 23
2 20
2 38
3 4
3 5
3 6
3 7
3 39
4 5
4 6
4 7
4 8
4 14
4 24
5 6
5 7
5 8
5 9
5 14
6 32
6 7
6 8
6 9
6 10
6 30
7 19
7 8
7 9
7 10
7 11
8 9
8 10
8 11
8 12
9 20
9 10
9 11
9 12
9 13
10 11
10 12
10 13
10 14
11 30
11 12
11 13
11 14
11 15
12 16
12 27
12 13
12 14
12 15
13 16
13 17
13 14
13 15
14 16
14 17
14 18
14 15
15 16
15 17
15 18
15 19
16 17
16 18
16 19
16 20
17 18
17 19
17 20
17 21
18 19
18 20
18 21
18 22
19 20
19 21
19 22
19 23
19 38
20 21
20 22
20 23
20 24
20 33
21 33
21 22
21 23
21 24
21 25
21 27
21 31
22 35
22 23
22 24
22 25
22 26
22 37
23 24
23 25
23 26
23 27
24 25
24 26
24 27
24 28
25 26
25 27
25 28
25 29
25 30
26 27
26 28
26 29
26 30
27 32
27 28
27 29
27 30
27 31
28 32
28 36
28 29
28 30
28 31
29 32
29 33
29 34
29 38
29 30
29 31
30 32
30 33
30 34
30 31
31 32
31 33
31 34
31 35
32 33
32 34
32 35
32 36
33 34
33 35
33 36
33 37
34 35
34 36
34 37
34 38
35 36
35 37
35 38
35 39
36 37
36 38
36 39
37 38
37 39
38 39
