0 1
0 2
0 3
0 4
0 37
0 38
0 39
0 13
0 15
0 18
0 21
0 23
0 36
0 29
0 31
1 2
1 3
1 4
1 5
1 38
1 39
1 9
1 34
1 16
1 22
1 23
1 25
1 30
1 37
2 3
2 4
2 5
2 6
2 39
2 7
2 14
2 19
2 32
2 24
2 38
2 30
3 4
3 5
3 6
3 7
3 8
3 10
3 39
3 16
3 23
3 26
3 29
4 5
4 6
4 7
4 8
4 19
4 20
4 24
4 27
4 29
5 32
5 6
5 7
5 8
5 9
5 11
5 18
5 27
6 16
6 7
6 8
6 9
6 10
6 15
7 33
7 8
7 9
7 10
7 11
7 34
7 16
7 23
8 33
8 9
8 10
8 11
8 12
8 15
8 26
9 35
9 10
9 11
9 12
9 13
9 20
9 27
10 25
10 11
10 12
10 13
10 14
10 15
11 12
11 13
11 14
11 15
11 19
11 23
11 30
11 37
12 34
12 39
12 13
12 14
12 15
12 16
12 21
12 23
12 30
13 35
13 36
13 14
13 15
13 16
13 17
13 18
14 15
14 16
14 17
14 18
14 22
14 25
14 26
14 27
15 38
15 16
15 17
15 18
15 19
15 29
16 32
16 17
16 18
16 19
16 20
17 34
17 18
17 19
17 20
17 21
17 35
17 37
18 36
18 19
18 20
18 21
18 22
18 23
18 27
18 37
19 35
19 20
19 21
19 22
19 23
19 36
20 33
20 39
20 21
20 22
20 23
20 24
21 36
21 39
21 22
21 23
21 24
21 25
21 26
21 31
22 33
22 23
22 24
22 25
22 26
22 31
23 24
23 25
23 26
23 27
23 28
24 39
24 25
24 26
24 27
24 28
25 34
25 33
25 26
25 27
25 28
25 29
25 30
26 36
26 27
26 28
26 29
26 30
27 35
27 28
27 29
27 30
27 31
28 32
28 33
28 29
28 30
28 31
29 32
29 33
29 30
29 31
30 32
30 33
30 34
30 31
31 32
31 33
31 34
31 35
31 39
32 33
32 34
32 35
32 36
33 34
33 35
33 36
33 37
34 35
34 36
34 37
34 38
34 39
35 36
35 37
35 38
35 39
36 37
36 38
36 39
37 38
37 39
38 39
