0 1
0 2
0 3
0 37
0 6
0 33
0 41
0 46
0 47
0 48
0 49
0 29
1 49
1 2
1 3
1 4
1 48
1 8
1 10
1 30
2 3
2 4
2 5
2 49
2 40
2 46
2 37
3 4
3 5
3 6
3 42
3 21
3 15
4 17
4 5
4 6
4 7
4 39
5 17
5 6
5 7
5 8
6 49
6 16
6 7
6 8
6 9
6 30
6 15
7 35
7 8
7 9
7 10
7 11
7 44
7 29
7 37
8 9
8 10
8 11
8 16
8 20
8 22
8 23
8 37
9 33
9 41
9 10
9 11
9 12
10 43
10 42
10 11
10 12
10 13
10 14
10 48
10 46
10 28
11 17
11 38
11 12
11 13
11 14
12 36
12 30
12 24
12 13
12 14
12 15
13 16
13 17
13 24
13 47
13 14
13 15
14 34
14 38
14 39
14 40
14 15
14 16
14 17
14 29
14 30
15 16
15 17
15 18
16 17
16 18
16 19
17 44
17 18
17 19
17 20
17 47
17 30
18 19
18 20
18 21
19 20
19 21
19 22
19 24
19 30
20 33
20 36
20 41
20 48
20 21
20 22
20 23
20 31
21 48
21 22
21 23
21 24
21 41
22 32
22 35
22 39
22 42
22 45
22 23
22 24
22 25
23 32
23 34
23 24
23 25
23 26
23 47
24 38
24 48
24 25
24 26
24 27
24 29
25 49
25 43
25 36
25 26
25 27
25 28
25 47
26 35
26 41
26 27
26 28
26 29
26 44
27 49
27 34
27 28
27 29
27 30
28 44
28 29
28 30
28 31
29 32
29 42
29 30
29 31
30 32
30 33
30 41
30 31
31 32
31 33
31 34
31 43
32 33
32 34
32 35
32 38
33 34
33 35
33 36
33 39
34 35
34 36
34 37
35 36
35 37
35 38
35 41
35 42
35 49
36 37
36 38
36 39
36 45
37 38
37 39
37 40
37 45
38 39
38 40
38 41
39 40
39 41
39 42
40 41
40 42
40 43
40 47
41 42
41 43
41 44
42 43
42 44
42 45
43 44
43 45
43 46
44 45
44 46
44 47
45 48
45 46
45 47
46 48
46 49
46 47
47 48
47 49
48 49
