0 1
0 2
0 3
0 6
0 33
0 10
0 12
0 13
0 47
0 48
0 49
0 20
1 2
1 3
1 4
1 37
1 39
1 8
1 12
1 45
1 48
1 49
1 19
1 22
1 25
1 36
1 31
2 3
2 4
2 5
2 6
2 32
2 9
2 43
2 16
2 49
2 25
2 27
3 4
3 5
3 6
3 7
3 42
3 15
3 21
3 26
3 31
4 36
4 5
4 6
4 7
4 20
4 38
4 45
5 16
5 38
5 6
5 7
5 8
5 28
6 7
6 8
6 9
6 42
6 12
6 34
6 46
6 24
6 30
7 8
7 9
7 10
8 41
8 23
8 9
8 10
8 11
8 47
9 24
9 33
9 10
9 11
9 12
9 13
9 45
10 32
10 42
10 11
10 12
10 13
10 46
10 20
10 24
11 48
11 27
11 46
11 43
11 12
11 13
11 14
11 29
12 45
12 25
12 13
12 14
12 15
13 35
13 39
13 46
13 15
13 16
13 18
13 20
13 14
13 25
14 16
14 17
14 34
14 41
14 23
14 28
14 44
14 15
15 16
15 17
15 18
15 32
15 21
15 23
15 46
16 17
16 18
16 19
16 33
16 23
16 44
17 18
17 19
17 20
17 25
18 34
18 19
18 20
18 21
18 36
18 44
19 37
19 38
19 49
19 20
19 21
19 22
19 27
19 30
20 41
20 21
20 22
20 23
20 24
21 33
21 22
21 23
21 24
21 34
21 46
22 34
22 23
22 24
22 25
22 49
23 37
23 44
23 24
23 25
23 26
24 41
24 25
24 26
24 27
24 31
25 42
25 26
25 27
25 28
26 32
26 27
26 28
26 29
27 28
27 29
27 30
28 34
28 36
28 45
28 47
28 37
28 29
28 30
28 31
29 32
29 41
29 44
29 45
29 30
29 31
30 32
30 33
30 43
30 38
30 35
30 31
31 32
31 33
31 34
31 40
31 38
32 33
32 34
32 35
33 34
33 35
33 36
33 44
33 45
34 35
34 36
34 37
35 36
35 37
35 38
36 37
36 38
36 39
37 38
37 39
37 40
38 39
38 40
38 41
38 49
39 40
39 41
39 42
40 41
40 42
40 43
40 44
40 47
41 42
41 43
41 44
42 43
42 44
42 45
43 44
43 45
43 46
44 45
44 46
44 47
45 46
45 47
45 48
46 48
46 49
46 47
47 48
47 49
48 49
