0 32
0 1
0 2
0 3
0 4
0 37
0 7
0 40
0 42
0 44
0 34
0 46
0 15
0 48
0 49
0 20
0 23
0 47
1 33
1 2
1 3
1 4
1 5
1 6
1 39
1 42
1 45
1 47
1 48
1 49
1 22
1 23
1 27
2 3
2 4
2 5
2 6
2 40
2 38
2 11
2 46
2 48
2 49
2 35
2 22
2 24
2 27
2 37
2 31
3 4
3 5
3 6
3 7
3 32
3 45
3 16
3 49
3 17
3 22
3 23
3 26
3 31
4 36
4 5
4 6
4 7
4 8
4 10
4 13
4 19
4 33
5 6
5 7
5 8
5 9
5 39
5 12
5 46
5 48
5 18
5 23
5 28
6 7
6 8
6 9
6 10
6 44
6 22
6 25
6 33
6 27
6 42
7 32
7 8
7 9
7 10
7 11
7 46
7 24
7 25
8 34
8 9
8 10
8 11
8 12
8 16
8 17
8 37
9 33
9 35
9 41
9 42
9 11
9 12
9 13
9 45
9 43
9 21
9 22
9 10
10 11
10 12
10 13
10 14
10 15
10 48
10 17
10 39
10 29
11 38
11 12
11 13
11 46
11 15
11 16
11 14
11 22
11 44
12 33
12 44
12 13
12 14
12 15
12 16
12 26
12 27
12 30
12 31
13 33
13 18
13 45
13 14
13 15
13 16
13 17
13 44
13 20
13 46
13 29
14 16
14 17
14 18
14 35
14 48
14 24
14 15
15 49
15 40
15 16
15 17
15 18
15 19
15 23
15 29
15 30
16 34
16 37
16 39
16 17
16 18
16 19
16 20
16 24
16 25
17 35
17 18
17 19
17 20
17 21
17 29
18 33
18 36
18 19
18 20
18 21
18 22
18 25
18 29
19 34
19 35
19 39
19 41
19 47
19 20
19 21
19 22
19 23
20 33
20 35
20 39
20 47
20 21
20 22
20 23
20 24
20 27
21 37
21 38
21 40
21 42
21 22
21 23
21 24
21 25
21 30
22 38
22 23
22 24
22 25
22 26
22 31
23 32
23 40
23 47
23 39
23 45
23 24
23 25
23 26
23 27
23 28
23 29
23 30
24 41
24 47
24 25
24 26
24 27
24 28
25 33
25 26
25 27
25 28
25 29
26 34
26 42
26 49
26 27
26 28
26 29
26 30
27 38
27 40
27 28
27 29
27 30
27 31
28 32
28 41
28 43
28 44
28 29
28 30
28 31
29 32
29 33
29 30
29 31
30 32
30 33
30 34
30 37
30 38
30 41
30 44
30 31
31 32
31 33
31 34
31 35
31 38
31 42
31 43
32 33
32 34
32 35
32 36
32 40
33 34
33 35
33 36
33 37
34 35
34 36
34 37
34 38
34 41
35 36
35 37
35 38
35 39
35 45
36 37
36 38
36 39
36 40
36 44
37 38
37 39
37 40
37 41
37 48
38 39
38 40
38 41
38 42
39 40
39 41
39 42
39 43
39 44
39 46
40 41
40 42
40 43
40 44
40 45
41 42
41 43
41 44
41 45
41 47
42 43
42 44
42 45
42 46
43 44
43 45
43 46
43 47
43 49
44 46
44 45
44 48
44 47
45 46
45 47
45 48
45 49
46 47
46 48
46 49
47 48
47 49
48 49
