0 1
0 2
0 3
0 4
0 12
0 45
0 14
0 47
0 48
0 49
0 46
0 34
0 31
1 49
1 2
1 3
1 4
1 5
1 48
1 20
1 9
1 14
1 47
2 3
2 4
2 5
2 6
2 49
2 7
2 48
2 11
2 15
3 17
3 4
3 5
3 6
3 7
3 9
3 49
3 26
4 5
4 6
4 7
4 8
4 43
4 34
4 15
4 22
5 37
5 6
5 7
5 8
5 9
5 16
5 49
5 27
6 7
6 8
6 9
6 10
6 11
6 26
6 46
7 25
7 8
7 9
7 10
7 11
8 18
8 38
8 9
8 10
8 11
8 12
8 15
9 42
9 10
9 11
9 12
9 13
10 41
10 11
10 12
10 13
10 14
11 12
11 13
11 14
11 15
11 20
11 25
12 38
12 13
12 14
12 15
12 16
12 19
12 26
13 16
13 17
13 14
13 15
14 45
14 46
14 15
14 16
14 17
14 18
15 35
15 16
15 17
15 18
15 19
15 24
15 27
15 30
16 33
16 41
16 48
16 17
16 18
16 19
16 20
17 37
17 47
17 18
17 19
17 20
17 21
17 26
17 27
17 30
18 19
18 20
18 21
18 22
18 25
18 26
18 30
19 20
19 21
19 22
19 23
20 40
20 21
20 22
20 23
20 24
20 26
21 32
21 49
21 22
21 23
21 24
21 25
21 31
22 23
22 24
22 25
22 26
22 44
22 47
23 24
23 25
23 26
23 27
23 38
24 41
24 25
24 26
24 27
24 28
25 38
25 44
25 48
25 26
25 27
25 28
25 29
26 34
26 42
26 27
26 28
26 29
26 30
27 32
27 28
27 29
27 30
27 31
28 32
28 42
28 29
28 30
28 31
29 32
29 33
29 43
29 30
29 31
30 32
30 33
30 34
30 38
30 31
31 32
31 33
31 34
31 35
31 38
31 42
31 46
31 49
32 33
32 34
32 35
32 36
32 41
33 34
33 35
33 36
33 37
33 38
33 43
34 35
34 36
34 37
34 38
35 36
35 37
35 38
35 39
35 41
36 37
36 38
36 39
36 40
36 49
37 38
37 39
37 40
37 41
38 39
38 41
38 42
38 40
39 49
39 40
39 41
39 42
39 43
40 41
40 42
40 43
40 44
41 43
41 44
41 45
41 42
42 43
42 44
42 45
42 46
42 47
42 49
43 44
43 45
43 46
43 47
44 48
44 45
44 46
44 47
45 48
45 49
45 46
45 47
46 48
46 49
46 47
47 48
47 49
48 49
