0 48
0 1
0 2
0 5
0 49
0 18
0 30
0 15
1 49
1 2
1 3
1 4
1 9
1 45
1 29
1 13
2 3
2 4
2 17
3 34
3 4
3 5
4 5
4 6
4 7
4 46
5 6
5 7
5 20
5 39
6 8
6 44
6 7
7 8
7 9
8 25
8 9
8 10
8 29
9 10
9 11
9 29
10 43
10 21
10 25
10 11
10 12
11 12
11 13
11 25
12 35
12 13
12 14
12 15
13 26
13 14
13 15
14 16
14 48
14 19
14 36
14 15
15 16
15 17
16 17
16 18
16 39
17 18
17 19
18 19
18 20
19 20
19 21
19 33
20 21
20 22
20 44
21 22
21 23
21 44
22 35
22 23
22 24
22 42
23 33
23 24
23 25
23 47
24 34
24 25
24 26
24 47
25 26
25 27
26 27
26 28
27 28
27 29
27 39
28 36
28 37
28 29
28 30
29 30
29 31
30 32
30 41
30 31
31 32
31 33
31 46
31 49
32 33
32 34
32 41
33 35
33 34
34 35
34 36
34 38
34 48
35 36
35 37
36 37
36 38
37 38
37 39
37 45
38 40
38 39
39 40
39 41
39 42
40 41
40 42
41 42
41 43
42 43
42 44
43 44
43 45
44 45
44 46
45 46
45 47
46 48
46 47
47 48
47 49
48 49
