0 48
0 1
0 2
0 35
0 33
0 49
0 27
0 18
0 37
1 49
1 2
1 3
1 17
1 44
1 42
1 28
2 34
2 3
2 4
2 6
2 33
2 47
3 32
3 4
3 5
3 22
3 20
4 16
4 5
4 6
4 38
5 37
5 6
5 23
5 7
6 7
6 8
6 25
7 8
7 9
7 27
7 37
8 48
8 23
8 9
8 10
8 47
9 10
9 11
9 42
9 15
10 18
10 35
10 11
10 12
10 45
10 44
11 12
11 13
11 28
11 31
12 18
12 13
12 14
12 29
13 38
13 23
13 28
13 14
13 15
14 16
14 17
14 20
14 31
14 15
15 16
15 17
15 35
16 17
16 18
17 18
17 19
17 46
17 22
17 23
17 26
18 19
18 20
18 25
19 32
19 20
19 21
20 21
20 22
20 40
20 47
21 37
21 22
21 23
21 27
22 23
22 24
22 42
23 24
23 25
24 34
24 25
24 26
24 44
25 48
25 33
25 26
25 27
26 27
26 28
26 31
27 40
27 28
27 29
28 36
28 37
28 29
28 30
29 30
29 31
30 32
30 39
30 31
31 32
31 33
31 47
32 33
32 34
32 41
33 34
33 35
34 35
34 36
34 39
35 36
35 37
36 37
36 38
37 38
37 39
38 39
38 40
39 40
39 41
39 46
40 41
40 42
41 48
41 42
41 43
42 48
42 43
42 44
43 44
43 45
44 46
44 45
45 46
45 47
46 48
46 47
47 48
47 49
48 49
