0 48
0 1
0 2
0 3
0 32
0 49
0 40
0 41
0 15
0 30
0 47
1 49
1 2
1 3
1 4
1 38
1 22
1 48
1 39
1 45
2 18
2 3
2 4
2 5
2 6
2 49
2 8
2 47
2 15
3 4
3 5
3 6
4 5
4 6
4 7
4 33
4 27
4 28
5 6
5 7
5 8
5 31
6 38
6 7
6 8
6 9
7 18
7 8
7 9
7 10
7 46
7 15
8 20
8 9
8 10
8 11
9 16
9 36
9 41
9 10
9 11
9 12
10 11
10 12
10 13
11 42
11 12
11 13
11 14
11 31
12 30
12 40
12 13
12 14
12 15
13 16
13 14
13 15
14 16
14 17
14 15
15 16
15 17
15 18
15 29
16 17
16 18
16 19
16 22
16 39
16 27
17 18
17 19
17 20
18 19
18 20
18 21
19 20
19 21
19 22
19 23
19 40
19 31
20 21
20 22
20 23
20 39
21 37
21 22
21 23
21 24
22 34
22 23
22 24
22 25
23 24
23 25
23 26
23 30
24 25
24 26
24 27
25 26
25 27
25 28
25 30
26 33
26 34
26 37
26 27
26 28
26 29
26 44
26 45
27 32
27 33
27 28
27 29
27 30
28 46
28 29
28 30
28 31
29 32
29 36
29 30
29 31
30 32
30 33
30 31
31 32
31 33
31 34
32 33
32 34
32 35
32 47
33 34
33 35
33 36
34 35
34 36
34 37
34 48
35 36
35 37
35 38
36 37
36 38
36 39
36 41
37 49
37 38
37 39
37 40
38 39
38 40
38 41
39 40
39 41
39 42
39 46
40 41
40 42
40 43
41 42
41 43
41 44
42 43
42 44
42 45
43 44
43 45
43 46
44 45
44 46
44 47
45 48
45 46
45 47
46 48
46 49
46 47
47 48
47 49
48 49
