0 1
0 2
0 3
0 4
0 41
0 11
0 34
0 46
0 47
0 48
0 49
0 27
0 31
1 2
1 3
1 4
1 5
1 7
1 10
1 11
1 13
1 46
1 47
1 48
1 49
1 22
1 23
1 24
1 37
1 31
2 3
2 4
2 5
2 6
2 32
2 8
2 9
2 43
2 13
2 45
2 48
2 49
2 18
2 28
3 4
3 5
3 6
3 7
3 11
3 12
3 15
3 49
3 18
3 23
3 29
4 5
4 6
4 7
4 8
4 10
4 42
5 37
5 6
5 7
5 8
5 9
5 16
5 21
5 23
6 7
6 8
6 9
6 10
6 15
6 16
6 19
6 22
7 32
7 8
7 9
7 10
7 11
7 45
7 38
7 13
7 43
7 18
7 15
8 9
8 10
8 11
8 12
8 13
8 28
9 32
9 43
9 40
9 10
9 11
9 12
9 13
9 19
9 37
10 11
10 12
10 13
10 14
10 16
10 27
10 31
11 12
11 13
11 14
11 15
11 40
11 24
11 27
11 30
12 38
12 13
12 14
12 15
12 16
12 25
12 30
13 33
13 38
13 34
13 14
13 15
13 16
13 17
13 46
13 23
14 16
14 17
14 18
14 42
14 19
14 47
14 15
15 41
15 16
15 17
15 18
15 19
15 22
16 34
16 43
16 17
16 18
16 19
16 20
17 34
17 18
17 19
17 20
17 21
17 45
17 29
18 35
18 43
18 19
18 20
18 21
18 22
18 47
19 20
19 21
19 22
19 23
19 24
19 29
20 21
20 22
20 23
20 24
20 25
21 33
21 36
21 42
21 44
21 45
21 46
21 22
21 23
21 24
21 25
22 44
22 49
22 23
22 24
22 25
22 26
23 36
23 35
23 47
23 24
23 25
23 26
23 27
24 32
24 39
24 25
24 26
24 27
24 28
25 26
25 27
25 28
25 29
25 30
26 37
26 42
26 27
26 28
26 29
26 30
26 44
27 48
27 28
27 29
27 30
27 31
28 32
28 36
28 39
28 29
28 30
28 31
29 32
29 33
29 39
29 30
29 31
30 32
30 33
30 34
30 44
30 45
30 31
31 32
31 33
31 34
31 35
31 38
31 46
32 33
32 34
32 35
32 36
33 34
33 35
33 36
33 37
33 41
34 35
34 36
34 37
34 38
34 46
34 45
35 36
35 37
35 38
35 39
36 37
36 38
36 39
36 40
37 38
37 39
37 40
37 43
37 41
38 39
38 40
38 41
38 42
38 47
39 40
39 41
39 42
39 43
40 41
40 42
40 43
40 44
41 42
41 43
41 44
41 45
42 43
42 44
42 45
42 46
43 44
43 45
43 46
43 47
44 45
44 46
44 47
44 48
45 46
45 47
45 48
45 49
46 47
46 48
46 49
47 48
47 49
48 49
