0 48
0 1
0 2
0 3
0 19
0 49
0 41
0 47
0 16
0 15
1 49
1 2
1 3
1 5
1 45
1 21
2 34
2 3
2 4
2 24
3 4
3 5
3 20
3 46
4 5
4 38
4 25
4 6
4 44
4 37
5 6
5 7
5 23
5 25
5 11
5 12
6 8
6 48
6 7
7 18
7 8
7 9
7 22
7 28
7 12
8 9
8 10
8 28
8 15
9 18
9 36
9 10
9 11
9 13
10 32
10 17
10 41
10 25
10 11
10 12
10 15
11 32
11 12
11 13
11 37
12 18
12 20
12 13
12 14
13 47
13 14
13 15
14 16
14 35
14 41
14 15
15 16
15 17
15 42
15 40
15 32
16 17
16 18
16 49
16 43
16 34
17 35
17 18
17 19
17 37
17 27
18 19
18 20
18 33
19 20
19 21
19 23
19 26
19 29
20 21
20 22
20 25
20 46
21 38
21 22
21 23
21 37
22 49
22 23
22 24
23 24
23 25
24 38
24 25
24 26
25 38
25 26
25 27
26 38
26 27
26 28
27 28
27 29
27 31
28 37
28 29
28 30
29 36
29 37
29 41
29 42
29 30
29 31
30 32
30 41
30 43
30 31
31 32
31 33
31 37
32 33
32 34
33 34
33 35
33 47
33 43
34 35
34 36
34 43
35 36
35 37
35 40
35 39
35 47
36 37
36 38
37 38
37 39
38 45
38 39
38 40
39 40
39 41
40 41
40 42
40 46
41 48
41 42
41 43
42 43
42 44
43 44
43 45
44 45
44 46
45 46
45 47
46 48
46 47
47 48
47 49
48 49
