0 1
0 2
0 3
0 4
0 7
0 42
0 55
0 44
0 45
0 24
0 23
0 56
0 57
0 58
0 59
1 2
1 3
1 4
1 5
1 16
1 49
1 35
1 55
1 57
1 58
1 59
2 3
2 4
2 5
2 6
2 7
2 58
2 59
2 46
2 47
3 4
3 5
3 6
3 7
3 38
3 47
3 48
3 19
3 54
3 59
3 28
4 5
4 6
4 7
4 8
4 41
4 56
4 25
4 38
5 6
5 7
5 40
5 9
5 43
5 16
5 8
5 30
6 7
6 8
6 9
6 10
6 53
6 41
6 29
6 21
7 8
7 9
7 10
7 11
7 12
7 48
7 50
7 36
7 29
7 31
8 19
8 9
8 10
8 11
8 12
8 47
8 44
9 10
9 11
9 12
9 13
9 47
9 49
9 21
9 22
9 28
10 35
10 40
10 11
10 12
10 13
10 14
10 23
10 24
11 56
11 26
11 45
11 12
11 13
11 14
11 15
12 33
12 38
12 13
12 14
12 15
12 16
12 23
12 56
13 40
13 14
13 15
13 16
13 17
13 50
13 19
13 21
13 58
14 15
14 16
14 17
14 18
14 51
14 22
14 55
14 27
15 16
15 17
15 18
15 19
15 38
15 28
16 39
16 17
16 18
16 19
16 20
16 53
16 23
16 26
17 36
17 39
17 44
17 18
17 19
17 20
17 21
17 53
18 41
18 43
18 45
18 19
18 20
18 21
18 22
18 46
18 29
18 53
19 48
19 42
19 20
19 21
19 22
19 23
19 26
20 21
20 22
20 23
20 24
20 33
20 43
21 32
21 51
21 40
21 22
21 23
21 24
21 25
22 49
22 23
22 24
22 25
22 26
22 53
23 41
23 45
23 24
23 25
23 26
23 27
24 35
24 43
24 49
24 25
24 26
24 27
24 28
24 42
24 52
25 27
25 39
25 56
25 26
25 59
25 28
25 29
26 48
26 36
26 27
26 28
26 29
26 30
27 35
27 51
27 28
27 29
27 30
27 31
28 32
28 41
28 45
28 29
28 30
28 31
29 32
29 33
29 50
29 51
29 30
29 31
30 32
30 33
30 34
30 55
30 31
31 32
31 33
31 34
31 35
31 47
31 50
31 52
32 33
32 34
32 35
32 36
32 38
32 43
33 34
33 35
33 36
33 37
34 35
34 36
34 37
34 38
34 44
34 45
35 36
35 37
35 38
35 39
35 43
35 49
36 37
36 38
36 39
36 40
36 54
37 38
37 39
37 40
37 41
37 43
37 46
37 47
37 52
38 39
38 40
38 41
38 42
38 54
38 56
39 40
39 41
39 42
39 43
39 51
40 41
40 42
40 43
40 44
40 53
40 52
41 42
41 43
41 44
41 45
42 43
42 44
42 45
42 46
43 44
43 45
43 46
43 47
43 51
44 45
44 46
44 47
44 48
44 51
45 46
45 47
45 48
45 49
45 53
46 48
46 49
46 50
46 47
47 48
47 49
47 50
47 51
48 51
48 49
48 50
48 52
48 59
49 50
49 51
49 52
49 53
50 51
50 52
50 53
50 54
51 59
51 52
51 53
51 54
51 55
52 53
52 54
52 55
52 56
53 54
53 55
53 56
53 57
54 55
54 56
54 57
54 58
55 56
55 57
55 58
55 59
56 57
56 58
56 59
57 58
57 59
58 59
