0 1
0 2
0 3
0 40
0 12
0 45
0 46
0 20
0 57
0 24
0 25
0 58
0 59
1 2
1 3
1 4
1 38
1 39
1 8
1 13
1 53
1 55
1 58
1 59
2 50
2 3
2 4
2 5
2 38
2 23
2 9
2 59
3 4
3 5
3 6
3 48
3 10
3 38
4 5
4 6
4 7
4 8
4 39
4 34
4 15
4 35
4 23
4 58
5 56
5 6
5 7
5 8
5 31
5 15
6 44
6 7
6 8
6 9
6 45
6 28
6 13
6 36
7 40
7 25
7 8
7 9
7 10
7 43
7 28
8 49
8 33
8 9
8 10
8 11
9 10
9 11
9 12
9 29
9 50
9 52
9 59
9 42
10 51
10 35
10 42
10 11
10 12
10 13
10 48
10 57
11 34
11 51
11 30
11 22
11 28
11 12
11 13
11 14
12 32
12 42
12 25
12 55
12 13
12 14
12 15
13 48
13 33
13 40
13 14
13 15
13 16
13 20
13 46
13 55
13 29
14 35
14 40
14 44
14 46
14 15
14 16
14 17
14 24
14 31
15 16
15 17
15 18
15 50
15 34
15 45
16 34
16 17
16 18
16 19
16 53
16 33
16 41
16 47
17 32
17 18
17 19
17 20
17 54
17 56
17 50
18 19
18 20
18 21
18 35
18 49
18 22
19 34
19 54
19 38
19 39
19 42
19 43
19 20
19 21
19 22
19 23
20 43
20 52
20 21
20 22
20 23
20 24
20 26
21 56
21 54
21 22
21 23
21 24
21 46
22 54
22 23
22 24
22 25
22 42
22 26
23 24
23 25
23 26
23 31
24 32
24 41
24 47
24 49
24 25
24 26
24 27
25 55
25 26
25 27
25 28
26 27
26 37
26 44
26 51
26 59
26 28
26 29
27 36
27 57
27 43
27 28
27 29
27 30
28 37
28 57
28 59
28 29
28 30
28 31
29 32
29 49
29 46
29 30
29 31
30 32
30 33
30 35
30 44
30 31
31 32
31 33
31 34
31 36
31 42
31 54
31 58
32 33
32 34
32 35
32 41
32 45
33 34
33 35
33 36
33 59
34 35
34 36
34 37
34 44
34 49
34 56
35 36
35 37
35 38
35 40
35 46
35 59
36 37
36 38
36 39
36 57
36 50
37 38
37 39
37 40
37 43
38 39
38 40
38 41
38 54
39 57
39 40
39 41
39 42
39 47
40 41
40 42
40 43
40 53
40 55
41 51
41 56
41 42
41 43
41 44
42 43
42 44
42 45
42 49
43 44
43 45
43 46
43 49
44 45
44 47
44 49
44 46
45 48
45 46
45 47
46 48
46 49
46 47
47 48
47 49
47 50
48 49
48 50
48 51
49 50
49 51
49 52
50 51
50 52
50 53
50 55
51 52
51 53
51 54
52 53
52 54
52 55
53 54
53 55
53 56
54 55
54 56
54 57
55 57
55 56
55 58
56 57
56 58
56 59
57 58
57 59
58 59
