0 1
0 2
0 3
0 52
0 5
0 10
0 57
0 58
0 59
0 13
0 45
1 56
1 2
1 3
1 4
1 54
1 40
1 10
1 58
1 59
1 26
2 3
2 4
2 5
2 6
2 11
2 45
2 15
2 18
2 59
2 29
3 51
3 4
3 5
3 6
3 53
3 13
3 18
3 29
4 5
4 6
4 7
4 22
4 50
4 51
5 6
5 7
5 8
5 52
6 35
6 7
6 8
6 9
6 21
7 17
7 8
7 9
7 10
7 14
7 53
8 43
8 18
8 22
8 9
8 10
8 11
8 12
9 24
9 54
9 10
9 11
9 12
9 46
10 34
10 11
10 12
10 13
10 19
10 52
10 58
10 29
11 33
11 21
11 12
11 13
11 14
12 56
12 13
12 14
12 15
13 41
13 14
13 15
13 16
13 52
13 23
13 28
14 16
14 17
14 19
14 20
14 28
14 46
14 15
15 16
15 17
15 18
15 54
15 23
16 17
16 18
16 19
16 20
16 23
17 18
17 19
17 20
17 22
17 23
18 19
18 20
18 21
19 20
19 21
19 22
19 54
20 21
20 22
20 23
20 50
21 22
21 23
21 24
21 39
21 44
22 23
22 24
22 25
22 41
23 24
23 25
23 26
23 28
24 59
24 25
24 26
24 27
24 42
25 41
25 37
25 44
25 26
25 27
25 28
25 58
26 35
26 57
26 33
26 27
26 28
26 29
26 55
27 38
27 55
27 28
27 29
27 30
27 44
28 48
28 46
28 29
28 30
28 31
29 32
29 30
29 31
30 32
30 33
30 53
30 57
30 58
30 47
30 31
31 32
31 33
31 34
32 33
32 34
32 35
32 36
32 40
32 57
32 42
33 34
33 35
33 36
33 54
34 50
34 35
34 36
34 37
34 40
35 36
35 37
35 38
35 54
35 59
36 52
36 37
36 38
36 39
37 56
37 38
37 39
37 40
37 43
37 52
37 47
38 39
38 40
38 41
38 46
39 49
39 51
39 40
39 41
39 42
40 49
40 41
40 42
40 43
41 42
41 43
41 44
42 56
42 43
42 44
42 45
43 44
43 45
43 46
43 47
44 45
44 46
44 47
45 48
45 46
45 47
46 48
46 49
46 47
47 48
47 49
47 50
48 49
48 50
48 51
49 56
49 50
49 51
49 52
50 51
50 52
50 53
51 52
51 53
51 54
52 53
52 54
52 55
53 54
53 55
53 56
54 55
54 56
54 57
55 56
55 57
55 58
56 57
56 58
56 59
57 58
57 59
58 59
