0 1
0 2
0 50
0 40
0 26
0 59
0 58
0 14
0 45
1 59
1 2
1 3
1 30
2 3
2 4
2 39
2 14
3 4
3 5
4 5
4 6
4 13
5 28
5 6
5 7
6 8
6 7
7 8
7 9
7 40
8 9
8 10
8 37
9 35
9 10
9 11
10 40
10 23
10 11
10 12
11 12
11 13
12 34
12 54
12 23
12 13
12 14
13 32
13 14
13 15
14 16
14 49
14 15
15 16
15 17
15 57
16 17
16 18
17 18
17 19
18 19
18 20
18 54
19 20
19 21
20 34
20 21
20 22
20 37
21 27
21 22
21 23
22 24
22 34
22 23
23 24
23 25
24 25
24 26
25 26
25 27
26 27
26 28
27 32
27 28
27 29
28 54
28 29
28 30
29 30
29 31
30 32
30 31
31 32
31 33
32 33
32 34
33 34
33 35
34 35
34 36
35 36
35 37
36 37
36 38
37 51
37 38
37 39
38 40
38 39
39 40
39 41
39 58
40 41
40 42
40 44
41 42
41 43
42 43
42 44
43 44
43 45
44 45
44 46
45 46
45 47
46 48
46 47
47 48
47 49
48 49
48 50
49 50
49 51
50 51
50 52
50 54
51 52
51 53
52 53
52 54
53 54
53 55
54 55
54 56
55 56
55 57
56 57
56 58
57 58
57 59
58 59
