0 16
0 1
0 2
0 54
0 39
0 58
0 59
0 46
1 48
1 2
1 3
1 4
1 37
1 32
1 59
1 31
2 3
2 4
2 21
2 58
2 30
3 4
3 5
3 34
3 21
4 5
4 6
4 35
5 21
5 6
5 7
6 16
6 7
6 8
6 13
7 22
7 57
7 8
7 9
8 32
8 35
8 9
8 10
8 43
9 27
9 10
9 11
9 45
9 13
10 20
10 11
10 12
10 31
11 12
11 13
11 28
11 29
12 21
12 40
12 13
12 14
12 45
13 40
13 14
13 15
14 16
14 40
14 37
14 24
14 59
14 15
15 16
15 17
15 42
16 17
16 18
17 18
17 19
17 37
17 38
17 39
17 55
17 46
18 19
18 20
18 40
18 36
18 28
19 20
19 21
19 22
19 39
19 56
19 42
19 24
20 21
20 22
20 45
21 22
21 23
22 33
22 24
22 42
22 23
23 24
23 25
24 25
24 26
25 53
25 57
25 26
25 27
25 28
26 51
26 52
26 42
26 27
26 28
27 51
27 43
27 28
27 29
28 44
28 29
28 30
29 47
29 30
29 31
30 32
30 58
30 31
31 32
31 33
31 36
32 33
32 34
32 57
33 34
33 35
34 50
34 35
34 36
34 48
34 45
34 46
34 47
35 36
35 37
35 53
36 49
36 37
36 38
36 55
37 38
37 39
37 55
38 40
38 39
39 40
39 41
39 43
40 50
40 41
40 42
40 47
41 42
41 43
41 53
42 53
42 43
42 44
43 44
43 45
44 54
44 45
44 46
45 53
45 46
45 47
46 48
46 47
47 48
47 49
48 49
48 50
48 58
49 50
49 51
50 51
50 52
50 53
50 56
51 52
51 53
51 55
51 57
52 53
52 54
53 54
53 55
54 55
54 56
54 58
55 56
55 57
56 57
56 58
57 58
57 59
58 59
