0 1
0 2
0 3
0 4
0 5
0 12
0 15
0 50
0 23
0 56
0 57
0 58
0 59
0 29
1 2
1 3
1 4
1 5
1 40
1 12
1 46
1 25
1 57
1 58
1 59
1 37
2 3
2 4
2 5
2 6
2 38
2 41
2 20
2 9
2 58
2 59
3 4
3 5
3 6
3 7
3 40
3 14
3 25
3 59
3 30
4 20
4 5
4 6
4 7
4 8
4 52
4 58
5 32
5 6
5 7
5 8
5 9
5 18
6 35
6 7
6 8
6 9
6 10
6 19
6 23
6 30
7 8
7 9
7 10
7 11
7 45
7 46
7 13
7 47
7 28
8 9
8 10
8 11
8 12
8 46
8 20
8 36
8 30
9 25
9 10
9 11
9 12
9 13
10 18
10 30
10 11
10 12
10 13
10 14
10 45
11 56
11 12
11 13
11 14
11 15
12 37
12 13
12 14
12 15
12 16
12 51
12 56
13 16
13 17
13 34
13 24
13 14
13 15
14 32
14 15
14 50
14 16
14 17
14 18
14 59
15 16
15 17
15 18
15 19
15 22
15 31
16 17
16 18
16 19
16 20
16 28
17 18
17 19
17 20
17 21
18 33
18 34
18 36
18 19
18 20
18 21
18 22
18 54
19 48
19 20
19 21
19 22
19 23
19 36
20 48
20 21
20 22
20 23
20 24
20 27
21 22
21 23
21 24
21 25
21 59
22 35
22 43
22 23
22 24
22 25
22 26
22 59
23 50
23 51
23 24
23 25
23 26
23 27
23 31
24 25
24 26
24 27
24 28
24 53
25 26
25 27
25 28
25 29
26 32
26 53
26 27
26 28
26 29
26 30
27 32
27 28
27 29
27 30
27 31
28 32
28 49
28 54
28 29
28 30
28 31
29 32
29 33
29 34
29 35
29 36
29 30
29 31
30 32
30 33
30 34
30 49
30 31
31 32
31 33
31 34
31 35
32 33
32 34
32 35
32 36
32 39
32 48
33 34
33 35
33 36
33 37
34 35
34 36
34 37
34 38
34 43
35 36
35 37
35 38
35 39
36 37
36 38
36 39
36 40
37 38
37 40
37 41
37 39
37 50
37 51
38 39
38 40
38 41
38 42
38 58
39 40
39 41
39 42
39 43
40 41
40 42
40 43
40 44
41 42
41 43
41 44
41 45
42 51
42 43
42 44
42 45
42 46
43 44
43 45
43 46
43 47
43 48
43 53
44 48
44 45
44 46
44 47
45 48
45 49
45 46
45 47
46 47
46 48
46 49
46 50
46 53
47 48
47 49
47 50
47 51
48 51
48 49
48 50
48 52
49 50
49 51
49 52
49 53
49 54
49 55
50 51
50 52
50 53
50 54
51 52
51 53
51 54
51 55
52 53
52 54
52 55
52 56
53 54
53 55
53 56
53 57
54 55
54 56
54 57
54 58
55 56
55 57
55 58
55 59
56 57
56 58
56 59
57 58
57 59
58 59
