0 48
0 1
0 2
0 53
0 54
0 58
0 59
0 13
1 2
1 3
1 20
1 59
1 46
2 3
2 4
2 12
2 31
3 4
3 5
3 17
3 31
4 36
4 5
4 6
5 13
5 6
5 7
6 51
6 36
6 7
6 8
7 8
7 9
7 42
8 34
8 25
8 9
8 10
9 54
9 25
9 10
9 11
10 11
10 12
10 27
11 12
11 13
11 14
12 50
12 13
12 14
13 28
13 42
13 53
13 14
13 15
14 16
14 58
14 15
15 16
15 17
15 36
15 39
16 17
16 18
16 22
17 19
17 18
17 37
18 19
18 20
18 59
19 20
19 21
19 23
19 28
20 21
20 22
21 56
21 22
21 23
22 23
22 24
22 39
23 33
23 24
23 25
23 26
24 25
24 26
24 27
24 31
25 32
25 26
25 27
26 35
26 53
26 27
26 28
27 33
27 28
27 29
28 40
28 29
28 30
29 30
29 31
30 32
30 37
30 31
31 32
31 33
32 33
32 34
32 45
33 48
33 34
33 35
33 51
34 35
34 36
35 36
35 37
35 53
36 37
36 38
36 42
37 38
37 39
37 41
38 40
38 39
39 40
39 41
40 41
40 42
41 49
41 42
41 43
42 43
42 44
43 44
43 45
44 45
44 46
45 46
45 47
46 48
46 47
47 48
47 49
48 49
48 50
49 50
49 51
50 51
50 52
51 52
51 53
52 53
52 54
53 54
53 55
54 55
54 56
55 56
55 57
56 57
56 58
57 58
57 59
58 59
