0 1
0 51
0 49
0 8
0 55
0 59
0 44
0 30
1 8
1 2
1 47
2 3
3 4
3 54
4 42
4 5
5 25
5 59
5 46
5 6
6 26
6 36
6 7
7 8
7 52
8 9
9 33
9 10
9 37
10 11
10 53
11 12
11 30
12 13
13 25
13 14
14 24
14 39
14 15
15 16
15 17
15 44
16 17
17 18
17 34
18 19
19 20
19 22
20 21
20 29
21 27
21 22
22 57
22 23
23 24
23 36
24 25
24 51
24 52
25 56
25 26
26 27
26 30
27 32
27 35
27 28
28 52
28 29
29 30
29 41
30 31
31 32
31 46
32 33
33 34
33 43
34 35
35 36
35 55
36 37
37 42
37 38
38 44
38 39
39 40
40 41
41 42
42 43
42 45
43 44
44 45
45 46
46 47
47 48
48 49
49 50
50 51
51 52
52 53
53 56
53 54
54 55
55 56
56 57
57 58
58 59
