0 1
0 59
0 36
0 15
1 32
1 2
2 3
3 4
3 21
4 43
4 5
5 14
5 6
6 7
7 8
8 9
8 28
8 44
9 10
9 23
10 11
10 52
10 14
11 12
12 13
12 21
13 14
14 15
15 16
16 17
16 50
17 18
18 26
18 19
19 20
19 30
20 21
21 22
22 23
23 24
24 25
24 27
25 26
25 50
26 27
26 31
27 28
28 29
29 30
30 31
31 32
31 49
32 33
33 34
33 44
34 35
34 44
35 36
35 38
36 49
36 37
36 39
37 56
37 38
38 41
38 39
39 40
40 41
41 42
41 58
42 43
43 44
44 45
45 53
45 46
46 47
47 48
48 49
49 50
50 51
51 52
52 56
52 53
53 54
54 55
55 56
56 57
57 58
58 59
