0 1
0 2
0 40
0 41
0 58
0 59
0 29
1 11
1 2
1 3
1 39
1 9
1 59
1 30
1 15
2 3
2 4
2 53
2 57
3 18
3 4
3 5
4 5
4 6
4 58
4 29
5 48
5 6
5 7
6 8
6 31
6 7
7 56
7 52
7 25
7 8
7 9
7 41
7 27
7 12
8 17
8 56
8 9
8 10
9 40
9 23
9 10
9 11
9 47
10 11
10 12
10 19
11 12
11 13
11 47
12 20
12 13
12 14
13 32
13 14
13 15
14 16
14 50
14 53
14 55
14 15
15 16
15 17
15 51
16 17
16 18
16 20
16 24
17 18
17 19
17 36
18 19
18 20
19 20
19 21
19 44
19 45
19 37
20 21
20 22
21 22
21 23
22 24
22 42
22 23
23 24
23 25
23 31
24 25
24 26
25 26
25 27
26 27
26 28
26 46
27 28
27 29
27 30
28 49
28 40
28 29
28 30
29 34
29 30
29 31
30 32
30 31
31 32
31 33
31 47
32 33
32 34
32 55
32 39
33 57
33 34
33 35
34 35
34 36
34 55
35 56
35 36
35 37
36 37
36 38
37 38
37 39
37 46
38 50
38 51
38 39
38 40
38 57
39 40
39 41
40 41
40 42
41 52
41 57
41 55
41 42
41 43
42 54
42 55
42 43
42 44
43 44
43 45
44 49
44 57
44 45
44 46
45 46
45 47
46 48
46 49
46 47
47 48
47 49
47 52
48 49
48 50
48 54
48 58
49 50
49 51
50 51
50 52
51 52
51 53
52 53
52 54
53 54
53 55
54 55
54 56
55 56
55 57
56 57
56 58
57 58
57 59
58 59
