0 1
0 2
0 3
0 54
0 40
0 57
0 58
0 59
0 47
1 11
1 2
1 3
1 4
1 21
1 16
1 58
1 59
1 45
1 51
2 3
2 4
2 5
2 19
2 20
2 59
2 36
3 4
3 5
3 6
3 8
3 52
4 5
4 6
4 7
4 8
5 38
5 6
5 7
5 8
5 55
5 18
6 49
6 18
6 7
6 8
6 9
6 13
6 21
7 23
7 8
7 9
7 10
8 27
8 49
8 9
8 10
8 11
9 52
9 25
9 10
9 11
9 12
9 13
10 56
10 21
10 57
10 11
10 12
10 13
11 46
11 56
11 12
11 13
11 14
12 37
12 21
12 13
12 14
12 15
13 16
13 38
13 26
13 14
13 15
14 16
14 17
14 23
14 15
15 16
15 17
15 18
15 52
15 37
15 32
15 27
16 32
16 17
16 18
16 19
16 45
17 18
17 19
17 20
17 29
18 19
18 20
18 21
18 56
19 20
19 21
19 22
19 42
20 32
20 21
20 22
20 23
20 43
20 44
20 35
21 22
21 23
21 24
22 23
22 24
22 25
22 43
23 34
23 24
23 25
23 26
23 31
24 43
24 25
24 26
24 27
24 42
24 39
25 26
25 27
25 28
26 27
26 28
26 29
27 28
27 29
27 30
28 53
28 29
28 30
28 31
29 32
29 41
29 45
29 30
29 31
30 32
30 33
30 54
30 56
30 31
31 32
31 33
31 34
32 33
32 34
32 35
32 43
33 34
33 35
33 36
34 35
34 36
34 37
34 59
35 36
35 37
35 38
35 42
36 48
36 37
36 38
36 39
37 49
37 38
37 39
37 40
37 52
38 39
38 40
38 41
39 40
39 41
39 42
40 41
40 42
40 43
40 44
40 53
41 50
41 42
41 43
41 44
42 43
42 44
42 45
43 44
43 45
43 46
44 56
44 45
44 46
44 47
45 48
45 49
45 46
45 47
46 48
46 49
46 59
46 47
47 48
47 49
47 50
48 49
48 50
48 51
48 57
49 50
49 51
49 52
50 51
50 52
50 53
50 54
51 52
51 53
51 54
52 53
52 54
52 55
52 57
53 54
53 55
53 56
54 55
54 56
54 57
55 56
55 57
55 58
56 57
56 58
56 59
57 58
57 59
58 59
