0 1
0 18
0 59
1 2
1 22
1 55
2 16
2 3
3 4
3 14
4 20
4 5
5 13
5 6
6 41
6 18
6 34
6 7
7 8
7 24
8 9
8 12
9 10
10 11
10 44
10 45
11 12
12 13
13 26
13 22
13 14
14 19
14 15
15 16
15 46
16 27
16 17
16 51
17 32
17 18
17 29
18 19
19 20
20 52
20 21
21 24
21 22
22 23
23 24
23 45
24 25
25 48
25 26
26 27
27 28
28 57
28 29
29 38
29 30
29 53
30 41
30 31
31 32
31 59
32 33
33 34
34 35
35 36
36 50
36 37
37 38
38 51
38 39
39 40
40 41
41 42
42 43
42 44
43 44
44 45
45 57
45 46
46 47
47 48
48 49
49 50
50 51
51 52
52 53
53 54
54 55
55 56
56 57
57 58
58 59
