0 1
0 2
0 68
0 69
1 2
1 3
1 69
2 3
2 4
3 4
3 5
4 5
4 6
5 49
5 50
5 6
5 7
5 52
6 8
6 7
7 48
7 40
7 8
7 9
8 9
8 10
9 10
9 11
9 61
10 11
10 12
11 12
11 13
12 14
12 62
12 13
12 30
13 16
13 14
13 15
14 16
14 29
14 15
15 16
15 17
15 40
16 17
16 18
16 58
16 59
17 35
17 18
17 19
18 19
18 20
19 20
19 21
20 21
20 22
21 22
21 23
22 24
22 23
23 64
23 24
23 25
23 53
24 25
24 26
25 26
25 27
26 27
26 28
27 28
27 29
27 36
28 29
28 30
29 30
29 31
30 32
30 31
31 32
31 33
32 33
32 34
32 61
33 34
33 35
34 35
34 36
35 36
35 37
35 38
36 37
36 38
37 65
37 38
37 39
38 40
38 39
39 40
39 41
40 41
40 42
41 56
41 42
41 43
42 43
42 44
42 47
43 44
43 45
44 51
44 45
44 46
45 46
45 47
46 48
46 47
47 48
47 49
48 49
48 50
49 50
49 51
50 51
50 52
51 52
51 53
51 59
52 53
52 54
53 54
53 55
54 56
54 55
55 56
55 57
56 57
56 58
57 58
57 59
58 59
58 60
59 60
59 61
60 61
60 62
61 62
61 63
62 64
62 63
63 64
63 65
63 67
64 65
64 66
65 66
65 67
66 67
66 68
67 68
67 69
68 69
