0 1
0 2
0 3
0 68
0 69
0 41
0 44
0 66
0 18
0 67
0 52
0 21
0 22
0 56
0 4
0 58
0 61
0 31
1 68
1 2
1 3
1 4
1 69
1 35
1 67
1 66
1 46
1 47
1 19
1 57
1 5
2 3
2 4
2 5
2 6
2 55
2 12
2 16
2 53
2 23
2 68
2 59
2 28
2 61
2 69
3 35
3 4
3 5
3 6
3 7
3 67
3 48
3 17
3 51
3 52
3 53
3 54
3 55
3 49
3 60
3 69
4 36
4 5
4 6
4 7
4 8
4 11
4 47
4 48
4 26
4 69
5 6
5 7
5 8
5 9
5 10
5 39
5 52
5 41
5 58
5 29
6 7
6 8
6 9
6 10
6 12
6 45
6 46
6 66
6 56
6 27
6 29
7 8
7 41
7 10
7 11
7 17
7 18
7 20
7 9
7 55
7 69
8 9
8 10
8 11
8 12
8 45
8 39
8 26
8 63
9 34
9 10
9 11
9 12
9 13
9 14
9 47
9 21
9 62
9 30
10 32
10 36
10 11
10 12
10 13
10 14
10 40
10 22
10 41
10 62
11 36
11 12
11 13
11 14
11 15
11 55
11 59
11 44
12 67
12 13
12 46
12 15
12 16
12 14
12 57
12 58
12 29
12 21
13 33
13 43
13 36
13 39
13 45
13 14
13 15
13 16
13 17
13 54
13 61
14 67
14 41
14 15
14 16
14 17
14 18
14 52
14 25
15 39
15 41
15 16
15 17
15 18
15 19
15 20
15 22
16 67
16 36
16 41
16 17
16 18
16 19
16 20
16 25
16 63
17 65
17 68
17 37
17 38
17 43
17 44
17 46
17 18
17 19
17 20
17 21
17 22
18 65
18 51
18 39
18 44
18 19
18 20
18 21
18 22
18 58
18 28
18 30
18 31
19 35
19 42
19 51
19 20
19 21
19 22
19 23
20 64
20 36
20 38
20 28
20 21
20 22
20 23
20 24
20 60
21 35
21 22
21 23
21 24
21 25
21 27
21 31
22 33
22 69
22 40
22 46
22 23
22 24
22 25
22 26
22 53
23 40
23 45
23 24
23 25
23 26
23 27
23 28
24 67
24 60
24 42
24 46
24 59
24 25
24 26
24 27
24 28
24 31
25 64
25 32
25 37
25 44
25 47
25 26
25 27
25 28
25 29
25 63
26 65
26 41
26 42
26 44
26 46
26 47
26 52
26 27
26 28
26 29
26 30
27 42
27 28
27 29
27 30
27 31
28 32
28 29
28 30
28 31
29 32
29 33
29 36
29 30
29 54
29 62
29 31
30 32
30 33
30 34
30 36
30 42
30 63
30 60
30 31
31 32
31 33
31 34
31 35
32 64
32 33
32 34
32 35
32 36
32 37
32 60
32 56
33 34
33 35
33 36
33 37
33 39
33 50
33 51
34 35
34 36
34 37
34 38
34 49
34 41
34 62
35 36
35 37
35 38
35 39
35 40
35 50
35 58
36 37
36 38
36 39
36 40
36 64
36 49
36 55
36 60
37 38
37 39
37 40
37 41
37 43
37 59
37 62
38 39
38 40
38 41
38 42
38 43
38 51
38 54
38 57
39 41
39 42
39 43
39 40
39 55
39 58
40 64
40 41
40 42
40 43
40 44
40 60
41 43
41 42
41 44
41 45
41 52
41 56
41 57
42 43
42 44
42 45
42 46
42 55
42 61
43 44
43 45
43 46
43 47
43 52
43 57
44 45
44 46
44 47
44 48
45 46
45 47
45 48
45 49
45 58
45 62
46 47
46 48
46 49
46 50
46 59
46 61
47 48
47 49
47 50
47 51
48 65
48 66
48 49
48 50
48 51
48 52
48 54
48 55
48 59
48 63
49 66
49 50
49 51
49 52
49 53
49 61
49 63
50 51
50 52
50 53
50 54
50 55
50 57
50 60
51 52
51 53
51 54
51 55
51 57
52 53
52 54
52 55
52 56
52 57
52 61
53 65
53 54
53 55
53 56
53 57
53 59
54 61
54 55
54 56
54 57
54 58
54 60
55 56
55 57
55 58
55 59
56 65
56 57
56 58
56 59
56 60
57 67
57 58
57 59
57 60
57 61
58 64
58 59
58 60
58 61
58 62
59 60
59 61
59 62
59 63
60 64
60 61
60 62
60 63
61 64
61 65
61 62
61 63
62 64
62 65
62 66
62 67
62 68
62 63
63 64
63 65
63 66
63 67
64 65
64 66
64 67
64 68
65 66
65 67
65 68
65 69
66 67
66 68
66 69
67 68
67 69
68 69
