0 1
0 69
1 40
1 2
2 3
2 37
3 28
3 4
4 65
4 5
4 54
5 35
5 61
5 6
6 57
6 11
6 7
7 8
7 41
7 42
8 9
8 18
8 35
8 45
9 10
10 32
10 11
11 64
11 37
11 12
11 63
12 13
13 43
13 14
14 33
14 15
15 16
15 42
16 17
16 34
17 18
17 34
18 19
19 36
19 20
19 29
19 49
20 21
21 22
22 23
23 24
23 58
23 63
24 56
24 25
24 37
25 26
25 67
26 27
26 33
27 28
27 34
27 63
28 44
28 29
29 30
30 46
30 31
31 32
31 34
32 56
32 33
32 53
33 34
34 35
34 55
35 36
35 39
36 48
36 37
36 39
36 44
37 38
38 51
38 39
39 40
40 41
41 42
41 61
42 43
43 52
43 59
43 44
44 45
44 65
45 46
46 47
47 48
47 62
48 49
49 50
50 51
50 61
51 52
51 58
52 53
53 54
54 55
55 56
56 57
57 58
58 59
59 68
59 60
60 66
60 61
61 62
62 67
62 63
63 64
64 65
65 66
66 67
67 68
68 69
