0 11
0 1
0 2
0 3
0 68
0 69
0 55
0 57
0 67
1 2
1 3
1 4
1 69
1 68
1 20
2 3
2 4
2 5
2 23
2 52
2 61
2 69
3 4
3 5
3 6
3 25
3 63
4 5
4 6
4 7
5 21
5 6
5 7
5 8
5 13
6 17
6 7
6 8
6 9
7 8
7 9
7 10
8 32
8 34
8 9
8 10
8 11
9 66
9 36
9 23
9 10
9 11
9 12
10 18
10 11
10 12
10 13
11 20
11 12
11 13
11 14
12 31
12 13
12 14
12 15
13 16
13 48
13 59
13 53
13 14
13 15
14 16
14 17
14 15
15 16
15 17
15 18
16 17
16 18
16 19
16 62
17 18
17 19
17 20
18 19
18 20
18 21
19 20
19 21
19 22
19 57
20 21
20 22
20 23
20 33
21 22
21 23
21 24
21 41
21 26
21 44
22 23
22 24
22 25
22 47
23 24
23 25
23 26
23 38
24 25
24 26
24 27
25 26
25 27
25 28
26 27
26 28
26 29
27 28
27 29
27 30
28 41
28 29
28 30
28 31
29 32
29 30
29 31
30 32
30 33
30 31
31 32
31 33
31 34
32 33
32 34
32 35
32 55
33 34
33 35
33 36
33 46
34 35
34 36
34 37
34 48
35 36
35 37
35 38
35 56
36 52
36 37
36 38
36 39
37 38
37 39
37 40
37 61
38 39
38 40
38 41
39 40
39 41
39 42
39 54
40 41
40 42
40 43
41 42
41 43
41 44
42 68
42 53
42 58
42 43
42 44
42 45
43 44
43 45
43 46
44 45
44 46
44 47
45 48
45 46
45 47
46 48
46 49
46 63
46 47
47 48
47 49
47 50
48 49
48 50
48 51
49 50
49 51
49 52
49 59
50 51
50 52
50 53
51 52
51 53
51 54
52 53
52 54
52 55
53 54
53 55
53 56
54 64
54 55
54 56
54 57
55 56
55 57
55 58
56 57
56 58
56 59
57 58
57 59
57 60
58 59
58 60
58 61
58 63
59 60
59 61
59 62
60 61
60 62
60 63
61 64
61 62
61 63
62 64
62 65
62 63
63 64
63 65
63 66
64 65
64 66
64 67
65 66
65 67
65 68
66 67
66 68
66 69
67 68
67 69
68 69
