0 1
0 2
0 68
0 69
0 38
0 20
0 58
1 17
1 2
1 3
1 69
1 10
1 45
2 3
2 4
2 11
3 4
3 5
4 5
4 6
5 47
5 6
5 7
6 8
6 34
6 7
7 23
7 8
7 9
7 10
7 28
8 9
8 10
9 10
9 11
9 45
9 63
10 57
10 11
10 12
10 63
10 15
11 32
11 12
11 13
12 56
12 25
12 13
12 14
13 62
13 14
13 15
14 16
14 65
14 60
14 15
15 16
15 17
15 29
16 17
16 18
16 33
17 18
17 19
17 37
17 27
18 19
18 20
18 32
19 20
19 21
19 28
19 47
20 21
20 22
20 40
21 22
21 23
22 24
22 51
22 23
23 48
23 24
23 25
23 61
24 25
24 26
24 29
25 26
25 27
25 29
25 63
26 27
26 28
26 64
27 53
27 28
27 29
28 55
28 29
28 30
29 56
29 30
29 31
30 32
30 31
31 32
31 33
31 47
32 33
32 34
33 34
33 35
33 68
34 35
34 36
35 36
35 37
36 37
36 38
37 38
37 39
38 40
38 39
39 48
39 40
39 41
39 59
39 62
40 64
40 41
40 42
40 46
40 47
41 42
41 43
42 43
42 44
42 62
43 65
43 56
43 44
43 45
43 61
44 48
44 66
44 52
44 58
44 46
44 45
45 46
45 47
46 48
46 47
47 48
47 49
47 55
48 49
48 50
49 50
49 51
50 51
50 52
51 52
51 53
52 53
52 54
53 54
53 55
54 56
54 55
55 65
55 56
55 57
56 57
56 58
57 58
57 59
58 59
58 60
58 61
59 60
59 61
60 61
60 62
61 62
61 63
62 64
62 63
63 64
63 65
64 65
64 66
65 66
65 67
66 67
66 68
67 68
67 69
68 69
