0 48
0 1
0 2
0 3
0 68
0 69
0 58
0 67
0 45
1 2
1 3
1 4
1 69
1 24
1 68
1 58
1 66
2 3
2 4
2 5
2 69
3 35
3 4
3 5
3 6
3 24
4 5
4 6
4 7
4 61
5 40
5 6
5 7
5 8
5 43
6 18
6 54
6 7
6 8
6 9
6 55
7 35
7 8
7 9
7 10
7 38
8 9
8 10
8 11
8 53
9 59
9 41
9 10
9 11
9 12
10 11
10 12
10 13
11 12
11 13
11 14
11 63
12 50
12 22
12 13
12 14
12 15
13 16
13 14
13 15
14 16
14 17
14 45
14 64
14 42
14 15
15 16
15 17
15 18
15 34
16 17
16 18
16 19
17 18
17 19
17 20
17 22
17 31
18 19
18 20
18 21
18 25
19 20
19 21
19 22
19 57
20 21
20 22
20 23
20 42
20 44
21 22
21 23
21 24
21 68
21 58
21 29
22 23
22 24
22 25
22 29
23 64
23 65
23 24
23 25
23 26
23 28
24 25
24 26
24 27
24 51
25 65
25 26
25 27
25 28
25 29
26 32
26 56
26 33
26 27
26 28
26 29
27 42
27 39
27 28
27 29
27 30
28 51
28 63
28 29
28 30
28 31
29 32
29 60
29 30
29 31
30 32
30 33
30 31
31 32
31 33
31 34
31 35
31 42
32 33
32 34
32 35
33 34
33 35
33 36
33 38
33 59
34 35
34 36
34 37
34 64
35 36
35 37
35 38
35 59
35 53
36 37
36 38
36 39
36 57
36 42
37 38
37 39
37 40
38 39
38 40
38 41
38 46
38 63
39 40
39 41
39 42
40 59
40 41
40 42
40 43
41 42
41 43
41 44
42 43
42 44
42 45
42 50
43 65
43 44
43 45
43 46
44 56
44 45
44 46
44 47
45 48
45 46
45 47
46 48
46 49
46 47
47 48
47 49
47 50
47 66
48 49
48 50
48 51
49 50
49 51
49 52
50 51
50 52
50 53
51 52
51 53
51 54
52 53
52 54
52 55
52 59
53 54
53 55
53 56
54 68
54 67
54 55
54 56
54 57
54 61
55 56
55 57
55 58
56 64
56 57
56 58
56 59
57 58
57 59
57 60
58 59
58 60
58 61
59 60
59 61
59 62
60 61
60 62
60 63
61 64
61 62
61 63
62 64
62 65
62 63
63 64
63 65
63 66
64 65
64 66
64 67
65 66
65 67
65 68
66 67
66 68
66 69
67 68
67 69
68 69
