0 16
0 1
0 2
0 3
0 68
0 69
0 38
0 17
0 24
0 67
0 30
1 2
1 3
1 4
1 69
1 9
1 68
1 57
1 28
1 45
2 3
2 4
2 5
2 17
2 31
2 53
2 69
3 4
3 5
3 6
3 27
4 5
4 6
4 7
4 65
5 32
5 6
5 7
5 8
6 35
6 7
6 8
6 9
6 69
7 51
7 19
7 8
7 9
7 10
8 66
8 9
8 10
8 11
8 63
9 10
9 11
9 12
9 24
10 36
10 11
10 12
10 13
10 49
10 51
10 21
10 57
10 29
10 62
11 16
11 52
11 28
11 27
11 12
11 13
11 14
12 49
12 50
12 13
12 14
12 15
13 16
13 32
13 50
13 38
13 23
13 14
13 15
14 16
14 17
14 23
14 55
14 62
14 15
15 16
15 17
15 18
15 55
15 27
15 31
16 17
16 18
16 19
16 37
17 38
17 40
17 42
17 18
17 19
17 20
17 55
18 19
18 20
18 21
18 51
18 23
18 25
18 63
19 20
19 21
19 22
19 43
19 44
20 21
20 22
20 23
20 27
21 22
21 23
21 24
21 66
21 47
22 34
22 43
22 44
22 54
22 23
22 24
22 25
22 60
22 62
23 24
23 25
23 26
24 51
24 25
24 26
24 27
24 46
24 53
25 44
25 26
25 27
25 28
26 38
26 27
26 28
26 29
26 44
27 28
27 29
27 30
28 42
28 45
28 55
28 29
28 30
28 31
29 32
29 49
29 42
29 60
29 30
29 31
30 32
30 33
30 43
30 31
31 32
31 33
31 34
32 33
32 34
32 35
32 51
32 55
32 61
32 63
33 48
33 34
33 35
33 36
33 58
33 50
34 35
34 36
34 37
34 46
34 53
34 62
35 36
35 37
35 38
35 46
36 37
36 38
36 39
36 43
36 66
36 69
37 51
37 54
37 38
37 39
37 40
38 39
38 40
38 41
38 67
38 60
39 40
39 41
39 42
40 64
40 54
40 41
40 42
40 43
41 56
41 69
41 57
41 42
41 43
41 44
42 64
42 57
42 43
42 44
42 45
43 44
43 45
43 46
44 55
44 45
44 46
44 47
45 48
45 46
45 47
46 48
46 49
46 58
46 47
47 48
47 49
47 50
47 60
48 49
48 50
48 51
48 52
48 53
48 58
49 50
49 51
49 52
50 51
50 52
50 53
50 64
51 52
51 53
51 54
52 53
52 54
52 55
53 54
53 55
53 56
54 55
54 56
54 57
54 65
55 56
55 57
55 58
56 57
56 58
56 59
56 62
57 58
57 59
57 60
58 59
58 60
58 61
59 64
59 60
59 61
59 62
60 68
60 61
60 62
60 63
61 64
61 62
61 63
62 64
62 65
62 66
62 63
63 64
63 65
63 66
64 65
64 66
64 67
65 66
65 67
65 68
65 69
66 67
66 68
66 69
67 68
67 69
68 69
