0 1
0 69
1 2
1 50
2 3
3 4
3 21
4 5
5 20
5 6
6 30
6 7
7 8
7 27
8 9
9 10
9 67
10 26
10 11
10 46
11 40
11 12
12 13
12 30
13 21
13 14
13 15
14 16
14 28
14 15
15 16
15 52
16 17
17 65
17 18
18 19
18 25
19 20
19 66
20 21
21 22
21 23
21 58
22 23
23 24
24 25
25 32
25 41
25 26
25 28
25 42
26 27
26 65
27 28
28 29
29 66
29 30
30 31
31 32
32 33
33 34
34 66
34 35
35 44
35 36
36 48
36 37
37 44
37 38
38 46
38 39
39 40
40 41
41 42
42 43
43 56
43 44
44 45
45 68
45 59
45 46
46 47
47 48
48 49
48 50
49 50
50 51
51 52
52 53
53 54
54 55
55 56
56 57
57 58
58 59
59 60
60 61
61 62
62 63
63 64
64 65
65 66
66 67
67 68
68 69
