0 1
0 2
0 3
0 68
0 69
0 42
0 66
0 46
0 67
0 4
0 30
0 37
1 33
1 2
1 3
1 4
1 69
1 50
1 67
1 20
1 68
1 5
1 36
2 67
2 4
2 5
2 6
2 33
2 41
2 13
2 47
2 3
2 21
2 68
2 69
3 67
3 4
3 5
3 6
3 7
3 43
3 35
3 22
3 23
3 24
3 61
3 69
4 5
4 6
4 7
4 8
4 25
4 22
4 54
5 69
5 6
5 7
5 8
5 9
5 10
5 16
5 51
5 56
5 26
5 63
6 33
6 38
6 7
6 8
6 9
6 10
6 39
6 45
6 46
6 17
6 41
6 30
7 8
7 9
7 10
7 11
7 14
7 15
7 59
7 29
8 65
8 9
8 10
8 11
8 12
8 15
8 44
8 62
9 32
9 67
9 12
9 10
9 11
9 44
9 13
9 20
9 38
10 50
10 11
10 12
10 13
10 14
11 12
11 13
11 14
11 15
12 16
12 17
12 36
12 13
12 14
12 15
13 14
13 15
13 16
13 17
13 23
13 56
13 57
13 26
14 41
14 42
14 47
14 15
14 16
14 17
14 18
14 29
14 60
14 63
15 43
15 50
15 16
15 17
15 18
15 19
15 46
15 22
15 28
15 63
16 65
16 66
16 67
16 68
16 18
16 17
16 50
16 19
16 20
17 18
17 19
17 20
17 21
17 56
17 59
18 35
18 40
18 55
18 47
18 19
18 20
18 21
18 22
18 23
18 52
19 65
19 69
19 20
19 21
19 22
19 23
19 60
19 62
19 31
20 65
20 45
20 21
20 22
20 23
20 24
21 33
21 65
21 45
21 22
21 23
21 24
21 25
21 29
22 55
22 49
22 23
22 24
22 25
22 26
22 61
23 54
23 24
23 25
23 26
23 27
24 64
24 37
24 40
24 45
24 25
24 26
24 27
24 28
25 42
25 47
25 49
25 50
25 26
25 27
25 28
25 29
26 59
26 61
26 50
26 57
26 27
26 28
26 29
26 30
27 42
27 28
27 29
27 30
27 31
28 32
28 64
28 45
28 46
28 50
28 29
28 30
28 31
29 32
29 33
29 34
29 30
29 31
30 32
30 33
30 34
30 39
30 31
30 41
30 46
31 32
31 33
31 34
31 35
31 69
31 47
31 60
32 33
32 34
32 35
32 36
32 42
32 48
32 53
32 55
33 34
33 35
33 36
33 37
33 43
33 48
34 35
34 36
34 37
34 38
34 40
34 64
34 44
34 46
35 36
35 37
35 38
35 39
35 55
36 37
36 38
36 40
36 39
36 66
36 54
36 55
36 56
36 59
37 38
37 39
37 40
37 41
37 42
37 53
37 57
38 65
38 68
38 39
38 40
38 42
38 48
38 41
39 65
39 40
39 41
39 42
39 43
40 68
40 41
40 42
40 43
40 44
40 47
40 49
40 61
41 42
41 43
41 44
41 45
42 43
42 44
42 45
42 46
43 68
43 44
43 45
43 46
43 57
43 47
43 62
44 48
44 45
44 46
44 47
45 46
45 47
45 48
45 49
45 61
46 48
46 49
46 50
46 58
46 47
47 68
47 48
47 49
47 50
47 51
48 49
48 50
48 51
48 52
48 61
49 64
49 50
49 51
49 52
49 53
49 60
50 51
50 52
50 53
50 54
51 52
51 53
51 54
51 55
51 64
52 68
52 53
52 54
52 55
52 56
53 54
53 55
53 56
53 57
54 55
54 56
54 57
54 58
55 56
55 57
55 58
55 59
55 60
56 57
56 58
56 59
56 60
57 61
57 59
57 60
57 58
58 59
58 60
58 61
58 62
59 60
59 61
59 62
59 63
60 64
60 63
60 61
60 62
61 64
61 65
61 62
61 63
62 64
62 65
62 66
62 63
63 64
63 65
63 66
63 67
64 65
64 66
64 67
64 68
65 66
65 67
65 68
65 69
66 67
66 68
66 69
67 68
67 69
68 69
