0 1
0 2
0 68
0 69
0 38
0 26
0 60
0 34
0 47
1 19
1 2
1 3
1 69
1 55
1 57
1 58
1 21
1 5
2 3
2 4
2 48
2 24
3 43
3 4
3 5
4 52
4 5
4 6
4 7
5 54
5 6
5 7
5 31
6 8
6 37
6 7
7 57
7 8
7 9
7 55
8 9
8 10
8 27
8 26
9 31
9 10
9 11
10 13
10 58
10 11
10 12
10 45
10 31
11 51
11 12
11 13
12 17
12 57
12 13
12 14
12 63
13 52
13 14
13 15
14 16
14 45
14 38
14 15
14 61
15 16
15 17
15 40
15 29
16 17
16 18
16 36
16 30
16 23
17 18
17 19
17 52
18 19
18 20
18 25
18 47
19 67
19 20
19 21
19 55
20 50
20 33
20 21
20 22
20 45
21 22
21 23
21 63
22 24
22 49
22 23
23 24
23 25
24 33
24 25
24 26
25 50
25 59
25 41
25 26
25 27
26 27
26 28
26 60
27 58
27 28
27 29
27 46
28 34
28 29
28 30
29 46
29 31
29 30
30 32
30 33
30 31
31 32
31 33
32 33
32 34
32 69
32 56
33 34
33 35
33 39
33 45
34 66
34 35
34 36
35 36
35 37
35 42
35 59
36 48
36 37
36 38
36 47
37 67
37 38
37 39
38 39
38 40
38 53
39 40
39 41
39 62
39 47
40 41
40 42
41 48
41 42
41 43
42 43
42 44
42 45
43 58
43 44
43 45
44 46
44 45
44 62
44 61
45 62
45 65
45 46
45 47
46 48
46 51
46 65
46 47
47 48
47 49
47 59
48 49
48 50
49 65
49 50
49 51
49 54
50 51
50 52
50 63
51 52
51 53
52 53
52 54
53 54
53 55
54 55
54 56
54 59
55 56
55 57
56 64
56 57
56 58
57 58
57 59
58 59
58 60
59 60
59 61
60 61
60 62
61 64
61 62
61 63
62 64
62 63
63 64
63 65
64 65
64 66
65 66
65 67
66 67
66 68
67 68
67 69
68 69
