0 1
0 2
0 19
0 68
0 69
0 6
0 42
0 30
1 33
1 2
1 3
1 69
1 6
1 32
1 56
1 50
1 37
2 3
2 4
2 7
2 44
2 62
3 16
3 4
3 5
3 7
3 40
4 50
4 5
4 6
4 38
4 11
4 28
4 37
5 49
5 22
5 6
5 7
5 40
5 68
6 50
6 7
6 8
6 10
6 55
6 42
7 24
7 25
7 8
7 9
7 12
8 35
8 52
8 9
8 10
9 66
9 22
9 10
9 11
10 33
10 11
10 12
10 45
11 49
11 43
11 12
11 13
12 35
12 13
12 14
12 15
13 16
13 51
13 56
13 26
13 14
13 15
14 16
14 68
14 53
14 39
14 26
14 62
14 15
15 16
15 17
15 50
15 64
15 31
16 19
16 17
16 18
16 25
16 44
17 18
17 19
17 20
17 40
17 30
18 19
18 20
18 45
19 20
19 21
19 55
19 59
20 21
20 22
20 26
20 61
20 62
21 68
21 36
21 22
21 23
22 23
22 24
23 32
23 51
23 24
23 25
23 45
24 43
24 57
24 38
24 25
24 26
25 26
25 27
25 44
26 56
26 66
26 27
26 28
27 67
27 28
27 29
28 37
28 55
28 29
28 30
28 61
29 49
29 52
29 30
29 31
30 32
30 53
30 31
31 32
31 33
31 63
32 33
32 34
33 34
33 35
33 67
33 46
34 35
34 36
34 40
34 44
34 47
35 64
35 36
35 37
36 37
36 38
36 44
36 61
37 38
37 39
37 65
38 39
38 40
38 45
39 40
39 41
40 41
40 42
40 44
41 42
41 43
41 46
41 47
42 65
42 53
42 58
42 43
42 44
43 44
43 45
44 64
44 48
44 46
44 45
44 60
45 55
45 66
45 46
45 47
46 48
46 65
46 47
47 48
47 49
47 51
47 56
48 49
48 50
48 65
49 50
49 51
50 51
50 52
50 54
51 52
51 53
52 53
52 54
53 54
53 55
53 59
54 55
54 56
54 63
55 56
55 57
56 57
56 58
56 63
57 58
57 59
58 59
58 60
59 60
59 61
59 63
60 61
60 62
61 64
61 67
61 62
61 63
62 64
62 63
63 64
63 65
64 65
64 66
65 66
65 67
66 67
66 68
67 68
67 69
68 69
