0 1
0 69
1 2
1 36
2 3
2 17
3 4
4 51
4 43
4 20
4 5
4 58
4 11
5 65
5 6
6 59
6 7
7 8
8 9
8 68
9 10
10 11
10 29
11 12
12 24
12 13
12 15
13 35
13 14
14 42
14 31
14 15
15 16
16 17
16 53
17 18
18 19
19 20
20 21
21 22
22 48
22 23
23 24
23 32
23 29
24 25
25 26
25 47
26 27
27 33
27 28
28 41
28 29
29 30
30 47
30 31
31 32
31 67
32 33
33 34
33 42
34 35
34 53
35 36
36 37
37 38
38 47
38 39
39 40
40 41
41 42
42 43
43 44
43 53
44 45
45 46
46 47
47 48
48 49
48 52
49 50
49 66
50 51
51 52
51 57
52 53
53 54
54 62
54 55
55 56
56 57
57 58
58 59
59 60
60 61
61 64
61 62
62 63
63 64
64 65
65 66
66 67
67 68
68 69
