0 1
0 2
0 3
0 68
0 69
0 35
0 66
0 14
0 45
0 67
0 20
0 4
0 61
1 2
1 3
1 4
1 69
1 39
1 41
1 48
1 18
1 22
1 55
1 68
2 3
2 4
2 5
2 65
2 17
2 24
2 69
3 4
3 5
3 6
3 7
3 9
3 46
3 51
3 29
3 69
4 5
4 6
4 7
4 45
4 17
4 21
4 22
4 30
5 32
5 59
5 6
5 7
5 8
5 25
5 55
5 15
6 7
6 40
6 9
6 39
6 47
6 8
6 62
6 23
6 49
6 30
7 64
7 35
7 8
7 9
7 10
7 43
7 14
7 67
7 56
7 63
8 48
8 17
8 36
8 9
8 10
8 11
8 60
8 69
9 58
9 36
9 21
9 10
9 11
9 12
9 45
10 53
10 54
10 57
10 11
10 12
10 13
10 39
10 44
11 34
11 35
11 38
11 12
11 13
11 14
11 15
12 59
12 58
12 22
12 13
12 14
12 15
13 16
13 43
13 30
13 47
13 14
13 15
14 16
14 17
14 19
14 42
14 15
15 16
15 17
15 18
15 67
15 22
15 48
16 17
16 18
16 19
16 46
16 61
17 64
17 68
17 40
17 18
17 19
17 20
17 54
17 57
17 59
17 60
18 67
18 19
18 20
18 21
18 32
18 43
18 28
19 20
19 21
19 22
19 65
19 52
19 60
19 31
20 52
20 21
20 22
20 23
20 64
20 26
20 60
21 22
21 23
21 24
21 26
22 45
22 54
22 23
22 24
22 25
23 32
23 34
23 67
23 39
23 50
23 51
23 24
23 25
23 26
23 61
23 53
24 59
24 51
24 67
24 25
24 26
24 27
25 48
25 26
25 27
25 28
25 37
26 38
26 27
26 28
26 29
26 31
27 38
27 45
27 47
27 58
27 62
27 55
27 28
27 29
27 30
27 31
28 48
28 51
28 29
28 30
28 31
29 32
29 51
29 56
29 57
29 30
29 31
30 32
30 33
30 51
30 63
30 31
31 32
31 33
31 34
31 60
31 47
31 53
31 55
31 63
32 64
32 33
32 34
32 35
32 67
32 54
33 49
33 34
33 35
33 36
33 48
33 39
33 61
34 35
34 36
34 37
34 44
35 36
35 37
35 38
35 46
35 49
35 57
35 60
36 56
36 37
36 38
36 39
36 60
36 50
37 38
37 39
37 40
37 67
37 61
37 46
38 39
38 40
38 41
39 40
39 41
39 42
39 52
40 57
40 51
40 41
40 42
40 43
41 54
41 42
41 43
41 44
42 48
42 56
42 66
42 46
42 43
42 44
42 45
43 51
43 44
43 45
43 46
44 68
44 45
44 46
44 47
45 48
45 46
45 47
46 48
46 49
46 47
47 48
47 49
47 50
47 64
48 64
48 59
48 49
48 50
48 51
48 56
49 50
49 51
49 52
50 51
50 52
50 53
50 64
51 52
51 53
51 54
52 53
52 54
52 55
53 54
53 55
53 56
53 63
54 55
54 56
54 57
55 56
55 57
55 58
55 60
56 57
56 58
56 59
57 68
57 58
57 59
57 60
58 64
58 59
58 60
58 61
59 60
59 61
59 62
60 61
60 62
60 63
61 64
61 62
61 63
62 64
62 65
62 63
63 64
63 65
63 66
64 65
64 66
64 67
64 68
65 66
65 67
65 68
65 69
66 67
66 68
66 69
67 68
67 69
68 69
