0 32
0 1
0 2
0 3
0 49
0 65
0 64
0 73
0 77
0 78
0 79
1 2
1 3
1 4
1 59
1 78
1 79
2 3
2 4
2 5
2 35
2 56
2 25
2 54
2 79
3 4
3 5
3 6
3 48
3 8
3 16
3 70
3 47
4 64
4 5
4 6
4 7
4 25
4 10
4 69
4 47
5 6
5 7
5 8
5 73
5 42
5 50
6 7
6 8
6 9
7 50
7 8
7 9
7 10
8 20
8 9
8 10
8 11
8 14
9 38
9 10
9 11
9 12
9 58
9 14
10 11
10 12
10 13
10 60
11 42
11 75
11 12
11 13
11 14
11 47
12 33
12 58
12 13
12 14
12 15
13 16
13 35
13 42
13 14
13 15
14 16
14 17
14 54
14 49
14 15
15 16
15 17
15 18
15 49
15 45
16 17
16 18
16 19
16 34
16 32
17 18
17 19
17 20
17 38
17 29
18 19
18 20
18 21
18 33
18 25
18 63
18 60
19 20
19 21
19 22
19 28
20 21
20 22
20 23
21 48
21 22
21 23
21 24
21 46
22 35
22 54
22 23
22 24
22 25
23 39
23 24
23 25
23 26
24 34
24 25
24 26
24 27
25 36
25 26
25 27
25 28
26 34
26 75
26 27
26 28
26 29
26 78
26 44
27 40
27 68
27 65
27 28
27 29
27 30
28 43
28 69
28 41
28 44
28 29
28 30
28 31
29 32
29 46
29 30
29 31
30 32
30 33
30 38
30 31
31 32
31 33
31 34
31 52
31 56
31 74
32 33
32 34
32 35
32 77
33 34
33 35
33 36
33 44
34 35
34 36
34 37
34 60
35 36
35 37
35 38
35 65
36 37
36 38
36 39
36 46
37 72
37 38
37 39
37 40
37 45
38 39
38 40
38 41
39 40
39 41
39 42
39 43
39 44
39 47
39 63
40 41
40 42
40 43
41 75
41 71
41 42
41 43
41 44
42 53
42 43
42 44
42 45
43 50
43 44
43 45
43 46
44 45
44 46
44 47
45 48
45 69
45 46
45 47
46 70
46 47
46 48
46 49
46 52
46 68
47 48
47 49
47 50
48 49
48 50
48 51
49 50
49 51
49 52
50 51
50 52
50 53
51 52
51 53
51 54
52 53
52 54
52 55
52 71
53 72
53 54
53 55
53 56
53 71
54 55
54 56
54 57
55 56
55 57
55 58
56 57
56 58
56 59
57 70
57 73
57 58
57 59
57 60
58 59
58 60
58 61
59 60
59 61
59 62
59 63
60 61
60 62
60 63
61 64
61 62
61 63
62 64
62 65
62 66
62 63
63 64
63 65
63 66
64 65
64 66
64 67
65 66
65 67
65 68
66 67
66 68
66 69
67 68
67 69
67 70
67 76
68 69
68 70
68 71
68 73
69 70
69 71
69 72
69 73
70 71
70 72
70 73
71 72
71 73
71 74
72 73
72 74
72 75
73 74
73 75
73 76
74 75
74 76
74 77
75 76
75 77
75 78
76 77
76 78
76 79
77 78
77 79
78 79
