0 8
0 1
0 68
0 79
1 24
1 2
2 3
2 6
3 4
3 66
4 57
4 5
5 40
5 60
5 6
6 67
6 7
7 8
7 74
8 9
8 68
9 64
9 10
9 34
9 23
10 11
10 52
11 12
11 45
11 23
12 73
12 13
12 53
13 14
13 71
14 77
14 15
15 16
15 69
16 72
16 17
16 44
16 38
17 32
17 18
18 19
18 35
19 59
19 20
20 76
20 21
21 44
21 22
22 70
22 23
23 24
24 25
25 26
25 29
26 58
26 27
27 33
27 28
28 32
28 29
28 37
29 30
29 52
30 69
30 31
31 32
31 36
32 33
32 70
33 34
33 71
34 35
35 36
36 37
37 38
38 43
38 39
39 40
40 41
40 50
41 57
41 42
41 48
42 43
43 67
43 44
44 66
44 45
45 46
46 47
47 48
47 64
48 49
49 50
49 52
50 74
50 51
51 52
51 69
52 53
53 77
53 54
54 59
54 55
55 56
55 59
56 57
57 58
57 75
57 78
58 67
58 59
59 60
59 78
60 61
61 74
61 62
62 63
63 64
64 65
65 66
65 67
66 67
67 68
68 69
69 70
70 71
71 72
72 73
73 74
73 77
74 75
75 76
76 77
77 78
78 79
