0 32
0 1
0 2
0 3
0 37
0 9
0 77
0 78
0 79
0 50
0 20
0 24
1 2
1 35
1 4
1 5
1 13
1 78
1 79
1 18
1 3
1 22
1 25
1 59
1 36
2 3
2 4
2 5
2 25
2 20
2 27
2 79
3 4
3 5
3 6
3 33
3 8
3 12
3 66
3 79
3 50
3 26
4 16
4 5
4 6
4 7
4 72
4 49
4 53
5 69
5 6
5 7
5 8
5 43
5 66
5 49
5 19
6 38
6 7
6 8
6 9
6 10
6 12
6 77
6 78
6 59
7 40
7 8
7 9
7 10
7 59
7 70
7 38
8 48
8 34
8 20
8 9
8 10
8 11
9 11
9 70
9 10
9 39
9 12
9 43
9 50
9 19
9 62
9 63
10 35
10 69
10 11
10 12
10 13
10 15
10 22
10 27
11 70
11 54
11 75
11 12
11 13
11 14
11 77
12 71
12 41
12 13
12 14
12 15
12 29
12 62
13 16
13 32
13 14
13 15
14 32
14 44
14 15
14 16
14 17
14 22
14 24
14 27
14 29
15 16
15 17
15 18
15 20
15 53
15 71
15 25
16 17
16 18
16 19
16 21
16 72
17 18
17 19
17 20
17 22
17 47
17 79
18 38
18 75
18 46
18 19
18 20
18 21
18 28
18 29
19 32
19 69
19 42
19 50
19 20
19 21
19 22
20 32
20 47
20 48
20 21
20 22
20 23
20 72
20 57
21 64
21 48
21 36
21 78
21 47
21 22
21 23
21 24
22 23
22 24
22 25
22 52
23 68
23 39
23 24
23 25
23 26
23 61
23 52
24 67
24 54
24 40
24 74
24 48
24 59
24 51
24 25
24 26
24 27
25 60
25 42
25 61
25 52
25 26
25 27
25 28
25 74
26 72
26 53
26 27
26 28
26 29
26 60
27 67
27 68
27 76
27 48
27 28
27 29
27 30
28 33
28 67
28 63
28 56
28 29
28 30
28 31
29 32
29 30
29 31
30 32
30 33
30 43
30 47
30 31
31 32
31 33
31 34
31 69
31 41
31 73
31 43
32 33
32 34
32 35
32 76
32 44
33 34
33 35
33 36
33 69
33 79
34 35
34 36
34 37
34 48
34 75
35 36
35 37
35 38
35 46
36 37
36 38
36 39
36 42
36 50
36 62
37 65
37 38
37 39
37 40
37 47
38 39
38 40
38 41
38 51
38 58
38 63
39 68
39 40
39 42
39 76
39 48
39 41
39 55
39 70
40 64
40 56
40 41
40 42
40 43
41 70
41 42
41 43
41 44
42 74
42 43
42 44
42 45
43 44
43 45
43 46
44 45
44 46
44 47
45 48
45 55
45 57
45 46
45 47
46 48
46 49
46 71
46 47
47 64
47 76
47 48
47 49
47 50
48 64
48 49
48 50
48 51
48 56
48 58
48 62
49 50
49 51
49 52
49 60
50 51
50 52
50 53
50 57
51 52
51 53
51 54
51 58
51 62
52 53
52 54
52 55
52 71
52 66
53 54
53 55
53 56
53 59
54 68
54 67
54 55
54 56
54 57
55 56
55 57
55 58
55 76
56 57
56 58
56 59
56 73
57 58
57 59
57 60
58 69
58 59
58 60
58 61
59 72
59 76
59 60
59 61
59 62
60 61
60 62
60 63
61 64
61 66
61 67
61 72
61 74
61 62
61 63
62 64
62 65
62 72
62 63
63 64
63 65
63 66
63 75
64 65
64 66
64 67
64 77
65 66
65 67
65 68
65 69
65 78
66 67
66 68
66 69
67 68
67 69
67 70
68 69
68 70
68 71
68 73
69 70
69 71
69 72
70 71
70 72
70 73
71 72
71 73
71 74
72 73
72 74
72 75
73 74
73 75
73 76
73 77
74 75
74 76
74 77
75 76
75 77
75 78
76 77
76 78
76 79
77 78
77 79
78 79
