0 56
0 1
0 31
0 79
1 2
1 69
2 3
3 4
3 50
4 64
4 5
4 47
5 57
5 14
5 6
5 7
6 49
6 7
7 8
7 52
8 9
8 78
9 10
9 68
9 42
9 63
10 19
10 11
11 35
11 12
11 46
12 17
12 13
13 26
13 14
14 33
14 15
15 16
16 17
16 49
17 18
18 19
19 20
19 78
20 21
21 22
22 54
22 23
23 24
23 66
24 25
24 61
24 69
25 26
26 27
27 28
27 47
28 29
28 55
29 30
30 79
30 31
31 32
31 75
32 56
32 33
33 34
34 35
34 49
35 36
36 59
36 37
37 78
37 38
38 48
38 73
38 39
39 40
39 72
40 41
40 66
40 76
41 42
41 62
42 66
42 43
43 44
43 70
44 68
44 45
45 46
45 63
46 50
46 47
47 48
48 49
49 50
49 58
50 51
50 72
51 65
51 52
52 57
52 53
53 54
54 70
54 55
55 56
55 62
56 57
56 70
57 58
58 59
59 75
59 60
60 61
60 77
61 62
62 63
63 64
64 65
65 66
66 67
67 68
68 69
69 70
70 71
71 72
71 77
72 73
73 74
74 75
75 76
76 77
76 78
77 78
78 79
