0 1
0 2
0 19
0 14
0 54
0 11
0 78
0 79
1 35
1 2
1 3
1 7
1 78
1 79
2 3
2 4
2 51
2 78
3 4
3 5
3 56
3 25
3 62
3 66
3 30
4 19
4 5
4 6
4 77
4 31
5 6
5 7
5 40
5 42
6 34
6 59
6 7
6 8
6 43
7 68
7 65
7 8
7 9
7 22
7 47
7 12
7 63
8 9
8 10
8 77
9 59
9 10
9 11
10 11
10 12
10 53
11 34
11 66
11 12
11 13
11 45
12 34
12 19
12 13
12 14
12 45
13 24
13 25
13 14
13 15
14 16
14 15
15 16
15 17
15 35
15 22
15 74
16 72
16 17
16 18
17 19
17 18
17 35
17 48
18 19
18 20
18 32
18 38
18 65
18 58
19 20
19 21
19 73
19 48
20 59
20 21
20 22
21 22
21 23
21 56
21 60
21 28
21 46
22 23
22 24
22 79
23 24
23 25
23 75
24 25
24 26
25 67
25 26
25 27
26 32
26 72
26 38
26 27
26 28
26 29
27 45
27 54
27 41
27 28
27 29
27 30
27 31
28 49
28 29
28 30
29 40
29 30
29 31
30 32
30 73
30 31
31 32
31 33
32 33
32 34
32 53
33 34
33 35
33 42
33 76
34 35
34 36
35 36
35 37
35 77
36 37
36 38
36 59
36 50
37 38
37 39
38 39
38 40
39 40
39 41
40 57
40 41
40 42
41 42
41 43
42 43
42 44
43 44
43 45
44 51
44 45
44 46
45 46
45 47
46 48
46 53
46 76
46 47
47 48
47 49
48 49
48 50
49 50
49 51
49 69
49 58
50 51
50 52
51 52
51 53
51 71
51 68
52 72
52 53
52 54
53 54
53 55
54 75
54 55
54 56
55 56
55 57
55 70
55 62
56 57
56 58
57 58
57 59
58 65
58 59
58 60
59 60
59 61
60 74
60 62
60 61
61 67
61 62
61 63
62 64
62 74
62 63
63 64
63 65
63 67
64 65
64 66
64 75
65 66
65 67
65 69
65 70
66 67
66 68
67 68
67 69
68 69
68 70
69 70
69 71
70 71
70 72
71 72
71 73
72 73
72 74
73 74
73 75
74 75
74 76
75 76
75 77
76 78
76 77
77 78
77 79
78 79
