0 1
0 2
0 55
0 50
0 78
0 79
1 2
1 3
1 79
2 3
2 4
3 4
3 5
3 47
4 30
4 5
4 6
5 37
5 6
5 7
5 11
6 36
6 7
6 8
6 41
6 61
7 68
7 8
7 9
7 43
7 38
8 17
8 68
8 9
8 10
9 59
9 57
9 10
9 11
9 42
10 11
10 12
10 51
11 18
11 12
11 13
11 63
12 21
12 70
12 13
12 14
13 52
13 21
13 63
13 74
13 14
13 15
14 16
14 54
14 30
14 15
15 16
15 17
16 17
16 18
16 55
16 75
17 40
17 18
17 19
17 24
17 67
18 67
18 19
18 20
19 20
19 21
19 50
19 47
20 35
20 21
20 22
20 73
21 70
21 22
21 23
21 60
21 29
22 24
22 23
23 24
23 25
24 25
24 26
25 26
25 27
26 27
26 28
27 28
27 29
28 51
28 29
28 30
29 64
29 30
29 31
30 32
30 51
30 31
31 32
31 33
31 35
31 41
31 59
32 33
32 34
32 42
33 34
33 35
33 76
34 35
34 36
34 56
35 36
35 37
36 37
36 38
36 70
37 38
37 39
37 77
38 40
38 39
39 40
39 41
39 59
40 41
40 42
41 42
41 43
42 43
42 44
43 56
43 71
43 44
43 45
44 57
44 60
44 45
44 46
44 47
45 63
45 46
45 47
46 48
46 70
46 47
47 48
47 49
48 49
48 50
48 65
49 59
49 50
49 51
50 51
50 52
51 64
51 52
51 53
52 53
52 54
53 56
53 54
53 55
54 55
54 56
54 77
55 56
55 57
55 74
56 68
56 57
56 58
57 58
57 59
58 66
58 59
58 60
59 60
59 61
60 74
60 61
60 62
61 62
61 63
62 64
62 63
63 64
63 65
63 74
64 65
64 66
64 75
65 66
65 67
66 67
66 68
66 74
67 68
67 69
67 71
68 69
68 70
69 70
69 71
70 71
70 72
71 72
71 73
72 73
72 74
73 74
73 75
74 75
74 76
75 76
75 77
76 77
76 78
77 78
77 79
78 79
