0 1
0 2
0 3
0 71
0 12
0 44
0 77
0 78
0 79
0 35
0 22
0 55
0 26
0 15
0 29
1 2
1 3
1 4
1 41
1 63
1 34
1 78
1 79
2 18
2 3
2 4
2 5
2 23
2 46
2 79
3 4
3 5
3 6
3 32
3 72
3 46
4 5
4 6
4 7
4 75
4 78
5 48
5 6
5 7
5 8
5 52
5 42
5 55
6 33
6 35
6 7
6 8
6 9
6 11
6 31
6 47
7 48
7 8
7 9
7 10
7 44
7 26
7 47
8 33
8 34
8 9
8 10
8 11
8 60
8 29
9 65
9 11
9 38
9 76
9 10
9 43
9 12
9 77
9 27
10 76
10 64
10 50
10 36
10 11
10 12
10 13
11 67
11 12
11 13
11 14
11 19
11 26
11 60
11 62
12 30
12 21
12 13
12 14
12 15
13 16
13 59
13 52
13 70
13 24
13 44
13 14
13 15
14 16
14 17
14 20
14 23
14 72
14 15
15 16
15 17
15 18
15 27
16 48
16 17
16 18
16 19
16 21
16 70
16 26
17 18
17 19
17 20
17 78
17 72
17 41
17 66
18 19
18 20
18 21
18 48
18 47
18 75
18 46
19 20
19 21
19 22
19 58
19 46
20 21
20 22
20 23
20 42
20 55
20 60
21 33
21 53
21 22
21 23
21 24
22 23
22 24
22 25
22 29
22 37
23 24
23 25
23 26
24 43
24 25
24 26
24 27
25 68
25 26
25 27
25 28
25 74
26 67
26 27
26 28
26 29
27 39
27 73
27 77
27 28
27 60
27 29
27 30
28 71
28 29
28 30
28 31
29 32
29 30
29 31
30 32
30 33
30 42
30 58
30 31
31 32
31 33
31 34
31 41
31 47
32 33
32 34
32 35
32 71
32 58
32 44
33 56
33 34
33 35
33 36
33 46
34 35
34 36
34 37
34 61
35 36
35 37
35 38
35 56
35 69
36 37
36 38
36 39
36 65
37 38
37 39
37 40
37 73
37 67
37 62
37 47
38 39
38 40
38 41
39 51
39 73
39 40
39 41
39 42
39 79
40 57
40 41
40 42
40 43
41 64
41 55
41 42
41 43
41 44
42 75
42 43
42 44
42 45
42 50
42 56
43 49
43 44
43 45
43 46
43 60
44 47
44 46
44 45
44 59
44 74
45 48
45 79
45 62
45 46
45 47
46 74
46 47
46 48
46 49
46 57
47 48
47 49
47 50
47 63
48 68
48 49
48 50
48 51
48 57
49 50
49 51
49 52
49 58
50 51
50 52
50 53
50 54
51 52
51 53
51 54
51 70
52 53
52 54
52 55
52 62
53 54
53 55
53 56
53 59
54 55
54 56
54 57
55 64
55 77
55 79
55 56
55 57
55 58
56 68
56 57
56 58
56 59
57 70
57 58
57 59
57 60
58 59
58 60
58 61
59 68
59 60
59 61
59 62
60 77
60 61
60 62
60 63
61 64
61 69
61 62
61 63
62 64
62 65
62 63
63 64
63 65
63 66
63 78
64 65
64 66
64 67
65 66
65 67
65 68
66 67
66 68
66 69
66 70
67 68
67 69
67 70
68 69
68 70
68 71
68 76
69 70
69 71
69 72
70 71
70 72
70 73
71 72
71 73
71 74
71 78
72 73
72 74
72 75
73 74
73 75
73 76
74 75
74 76
74 77
75 76
75 77
75 78
76 77
76 78
76 79
77 78
77 79
78 79
