0 1
0 2
0 53
0 24
0 78
0 79
1 2
1 3
1 79
2 3
2 4
2 72
3 4
3 5
3 73
4 5
4 6
4 29
5 56
5 6
5 7
6 8
6 7
7 8
7 9
8 32
8 21
8 9
8 10
9 59
9 36
9 10
9 11
10 11
10 12
10 17
11 40
11 12
11 13
12 50
12 13
12 14
13 37
13 14
13 15
14 16
14 15
15 16
15 17
15 40
16 17
16 18
16 40
16 31
17 18
17 19
17 43
18 19
18 20
19 74
19 20
19 21
20 21
20 22
21 56
21 22
21 23
22 51
22 23
22 24
22 61
23 24
23 25
23 50
24 25
24 26
25 26
25 27
26 27
26 28
27 48
27 28
27 42
27 29
28 29
28 30
29 40
29 30
29 31
30 32
30 31
31 32
31 33
32 33
32 34
33 34
33 35
34 35
34 36
34 46
35 36
35 37
36 37
36 38
37 51
37 38
37 39
38 40
38 39
39 40
39 41
40 41
40 42
41 42
41 43
42 43
42 44
43 44
43 45
43 77
44 45
44 46
45 71
45 46
45 47
46 48
46 67
46 47
47 48
47 49
47 66
47 63
48 49
48 50
49 50
49 51
50 51
50 52
51 52
51 53
52 53
52 54
53 69
53 54
53 55
53 78
54 56
54 55
55 56
55 57
56 57
56 58
57 58
57 59
58 59
58 60
59 60
59 61
60 61
60 62
61 62
61 63
62 64
62 63
63 64
63 65
64 65
64 66
65 66
65 67
66 67
66 68
67 68
67 69
68 69
68 70
69 70
69 71
70 72
70 71
71 72
71 73
72 73
72 74
73 74
73 75
74 75
74 76
75 76
75 77
76 77
76 78
77 78
77 79
78 79
