0 1
0 2
0 3
0 4
0 37
0 73
0 75
0 76
0 77
0 78
0 79
0 27
0 21
0 54
0 41
0 25
0 26
0 59
1 65
1 2
1 3
1 4
1 5
1 38
1 39
1 40
1 45
1 77
1 78
1 79
1 48
1 17
1 20
2 3
2 4
2 5
2 6
2 72
2 55
2 78
2 79
2 17
2 57
2 23
2 68
2 27
3 4
3 5
3 6
3 7
3 74
3 75
3 12
3 45
3 79
3 68
3 70
3 31
4 5
4 6
4 7
4 8
4 44
4 45
4 15
4 48
4 49
4 21
4 57
4 30
5 6
5 33
5 8
5 9
5 7
5 40
5 75
5 62
5 31
6 7
6 40
6 9
6 10
6 39
6 14
6 73
6 8
6 54
6 23
6 42
7 32
7 68
7 8
7 9
7 74
7 11
7 45
7 53
7 57
7 58
7 10
7 30
8 34
8 9
8 10
8 11
8 12
8 20
8 21
8 55
8 56
8 31
9 43
9 72
9 10
9 11
9 12
9 13
9 69
9 71
9 59
9 62
9 63
10 42
10 11
10 76
10 13
10 12
10 79
10 14
10 58
10 15
10 31
11 35
11 69
11 43
11 12
11 13
11 14
11 15
11 72
11 20
11 53
11 22
11 73
11 26
12 64
12 71
12 13
12 14
12 15
12 16
12 50
12 52
12 54
12 58
12 62
13 33
13 14
13 15
13 16
13 17
13 21
13 56
13 30
14 64
14 45
14 36
14 40
14 76
14 15
14 16
14 17
14 18
14 72
14 74
15 40
15 16
15 17
15 18
15 19
15 72
15 25
15 59
15 74
15 62
16 65
16 79
16 17
16 18
16 19
16 20
16 21
16 78
17 71
17 76
17 49
17 18
17 19
17 20
17 21
17 27
17 28
17 61
18 33
18 36
18 71
18 76
18 19
18 20
18 21
18 22
18 63
19 69
19 72
19 20
19 21
19 22
19 23
19 58
19 63
20 73
20 75
20 21
20 22
20 23
20 24
20 31
21 53
21 22
21 23
21 24
21 25
22 42
22 78
22 23
22 24
22 25
22 26
22 59
22 61
22 30
23 39
23 40
23 60
23 46
23 24
23 25
23 26
23 27
23 28
24 72
24 44
24 25
24 26
24 27
24 28
24 30
24 63
25 64
25 34
25 47
25 42
25 55
25 49
25 53
25 26
25 27
25 28
25 29
26 34
26 60
26 46
26 27
26 28
26 29
26 30
27 67
27 60
27 51
27 28
27 29
27 30
27 31
28 32
28 66
28 39
28 72
28 42
28 71
28 76
28 29
28 58
28 30
28 31
29 32
29 33
29 68
29 69
29 41
29 43
29 45
29 77
29 50
29 58
29 30
29 31
30 32
30 33
30 34
30 59
30 77
30 31
31 32
31 33
31 34
31 35
31 42
31 53
32 33
32 34
32 35
32 36
32 42
32 53
32 58
33 34
33 35
33 36
33 37
33 38
33 59
33 52
34 35
34 36
34 37
34 38
34 60
35 36
35 37
35 38
35 39
35 73
35 76
35 77
36 37
36 38
36 39
36 40
36 66
36 47
36 51
36 56
36 57
36 61
37 38
37 39
37 40
37 41
37 44
37 49
37 53
37 58
38 39
38 40
38 41
38 42
38 47
38 72
38 52
39 65
39 40
39 41
39 42
39 43
40 41
40 42
40 43
40 44
40 70
40 49
40 60
41 44
41 42
41 43
41 76
41 45
41 55
41 62
42 70
42 43
42 44
42 45
42 46
42 54
42 62
43 66
43 67
43 44
43 45
43 46
43 61
43 47
44 45
44 46
44 47
44 48
44 60
44 69
45 65
45 46
45 47
45 48
45 49
45 51
45 76
46 76
46 47
46 48
46 49
46 50
46 54
46 63
47 66
47 67
47 48
47 49
47 50
47 51
47 75
47 63
48 66
48 72
48 73
48 75
48 76
48 49
48 50
48 51
48 52
49 76
49 50
49 51
49 52
49 53
50 76
50 78
50 51
50 52
50 53
50 54
50 55
50 59
51 72
51 73
51 52
51 53
51 54
51 55
52 64
52 75
52 53
52 54
52 55
52 56
52 60
53 70
53 54
53 55
53 56
53 57
53 58
53 61
54 66
54 55
54 56
54 57
54 58
54 60
55 72
55 56
55 57
55 58
55 59
56 57
56 58
56 59
56 60
56 63
57 58
57 59
57 60
57 61
58 70
58 60
58 59
58 61
58 62
59 75
59 77
59 60
59 61
59 62
59 63
60 64
60 77
60 61
60 62
60 63
61 64
61 65
61 77
61 62
61 63
62 64
62 65
62 66
62 63
63 64
63 65
63 66
63 67
63 68
63 73
64 65
64 66
64 67
64 68
64 71
65 66
65 67
65 68
65 69
65 79
66 67
66 68
66 69
66 70
67 68
67 69
67 70
67 71
68 69
68 70
68 71
68 72
69 70
69 71
69 72
69 74
69 73
70 71
70 72
70 73
70 74
71 72
71 73
71 74
71 75
72 74
72 75
72 76
72 73
73 74
73 75
73 76
73 77
74 76
74 77
74 78
74 75
75 76
75 77
75 78
75 79
76 77
76 79
76 78
77 78
77 79
78 79
