0 1
0 79
1 2
1 79
2 3
3 4
4 64
4 5
5 40
5 6
6 7
7 8
7 51
8 9
9 16
9 10
10 11
10 63
11 12
11 26
12 36
12 13
13 45
13 14
14 53
14 20
14 15
15 16
16 17
17 18
18 26
18 19
19 20
19 34
20 72
20 21
21 46
21 22
22 25
22 23
23 24
24 25
25 26
25 37
26 27
27 28
27 42
28 29
29 30
30 31
31 32
31 46
31 47
32 33
32 46
33 34
33 59
34 35
34 70
35 36
35 45
36 49
36 37
37 38
38 73
38 39
39 40
40 41
41 42
42 43
43 44
44 59
44 45
45 54
45 46
46 47
47 48
48 49
49 50
50 75
50 51
50 71
51 52
52 76
52 53
53 54
54 55
55 56
55 62
56 57
57 58
57 77
58 59
59 60
60 61
61 62
62 63
63 64
64 65
65 66
66 67
67 68
68 69
69 75
69 70
70 71
71 72
72 73
73 74
74 75
74 78
75 76
76 77
77 78
78 79
