0 1
0 2
0 3
0 4
0 37
0 12
0 47
0 11
0 76
0 77
0 78
0 79
0 49
0 75
0 54
0 27
1 2
1 3
1 4
1 5
1 11
1 13
1 78
1 77
1 43
1 18
1 58
1 79
1 62
2 34
2 3
2 4
2 5
2 6
2 65
2 40
2 42
2 76
2 78
2 79
2 53
2 59
3 4
3 5
3 6
3 7
3 77
3 79
3 24
3 18
3 32
3 56
4 5
4 6
4 7
4 8
4 75
4 55
4 58
4 31
5 68
5 6
5 38
5 7
5 8
5 9
5 67
5 24
6 35
6 7
6 8
6 9
6 10
6 13
7 49
7 39
7 8
7 9
7 10
7 11
7 43
8 64
8 48
8 9
8 10
8 11
8 12
8 14
9 64
9 59
9 10
9 11
9 12
9 13
10 66
10 38
10 11
10 12
10 13
10 14
10 50
10 61
11 26
11 12
11 13
11 14
11 15
12 13
12 46
12 15
12 16
12 52
12 14
12 54
13 14
13 15
13 16
13 17
13 62
13 56
13 47
13 30
14 16
14 17
14 18
14 19
14 15
15 16
15 17
15 18
15 19
15 50
15 39
15 27
16 33
16 66
16 50
16 17
16 18
16 19
16 20
16 62
16 54
16 60
16 30
17 67
17 70
17 41
17 44
17 18
17 19
17 20
17 21
18 76
18 19
18 20
18 21
18 22
18 29
19 20
19 21
19 22
19 23
19 72
20 21
20 22
20 23
20 24
20 50
20 29
21 22
21 23
21 24
21 25
21 27
22 40
22 23
22 24
22 25
22 26
22 77
23 50
23 24
23 25
23 26
23 27
24 64
24 25
24 26
24 27
24 28
25 66
25 26
25 27
25 28
25 29
26 76
26 27
26 28
26 29
26 30
27 75
27 59
27 28
27 29
27 30
27 31
28 32
28 37
28 74
28 29
28 62
28 61
28 30
28 31
29 32
29 33
29 53
29 30
29 31
30 32
30 33
30 34
30 70
30 52
30 31
31 32
31 33
31 34
31 35
31 43
31 77
31 67
32 33
32 34
32 36
32 39
32 45
32 35
32 55
33 34
33 35
33 36
33 37
33 71
33 43
33 61
34 35
34 36
34 37
34 38
34 52
34 47
35 36
35 37
35 38
35 39
35 69
36 37
36 38
36 39
36 40
36 75
36 44
37 38
37 39
37 40
37 41
38 39
38 40
38 41
38 42
38 62
38 69
39 40
39 41
39 42
39 43
39 55
39 63
40 72
40 41
40 42
40 43
40 44
40 70
41 65
41 42
41 43
41 44
41 45
41 46
41 69
42 43
42 44
42 45
42 46
43 70
43 44
43 45
43 46
43 47
43 50
44 48
44 45
44 46
44 47
45 77
45 78
45 47
45 48
45 49
45 46
45 54
46 48
46 49
46 50
46 47
47 69
47 48
47 49
47 50
47 51
48 49
48 50
48 51
48 52
49 50
49 51
49 52
49 53
49 60
50 51
50 52
50 53
50 54
51 52
51 53
51 54
51 55
51 68
51 77
52 68
52 69
52 71
52 75
52 53
52 54
52 55
52 56
52 60
53 67
53 54
53 55
53 56
53 57
53 60
54 55
54 56
54 57
54 58
55 56
55 57
55 58
55 59
56 74
56 57
56 58
56 59
56 60
57 64
57 58
57 59
57 60
57 61
58 59
58 60
58 61
58 62
59 75
59 60
59 61
59 62
59 63
60 64
60 76
60 61
60 62
60 63
61 64
61 65
61 62
61 63
62 64
62 65
62 66
62 63
63 64
63 65
63 66
63 67
64 65
64 66
64 67
64 68
65 66
65 67
65 68
65 69
66 67
66 68
66 69
66 70
67 68
67 69
67 70
67 71
68 69
68 70
68 71
68 72
69 70
69 71
69 72
69 73
70 71
70 73
70 74
70 72
71 72
71 73
71 74
71 75
72 73
72 74
72 75
72 76
73 74
73 75
73 76
73 77
74 75
74 76
74 77
74 78
75 76
75 77
75 78
75 79
76 77
76 78
76 79
77 78
77 79
78 79
