0 64
0 1
0 2
0 58
0 63
0 60
0 66
0 78
0 79
1 2
1 3
1 76
1 79
2 3
2 4
2 69
2 52
2 26
3 4
3 5
3 71
3 27
3 21
4 16
4 35
4 5
4 6
4 24
4 70
5 67
5 6
5 7
5 20
6 40
6 67
6 7
6 8
6 56
6 46
6 44
6 30
7 57
7 8
7 9
7 38
7 76
8 65
8 50
8 56
8 9
8 10
8 75
8 12
8 42
8 31
9 51
9 53
9 22
9 10
9 11
9 15
10 50
10 71
10 11
10 12
10 39
11 53
11 73
11 12
11 13
11 62
11 21
12 22
12 13
12 14
12 31
13 19
13 73
13 63
13 77
13 14
13 15
14 16
14 30
14 40
14 46
14 15
15 16
15 17
16 17
16 18
16 22
16 54
16 40
17 49
17 18
17 19
17 68
17 47
18 19
18 20
18 55
18 40
19 20
19 21
19 27
19 37
20 21
20 22
20 23
21 22
21 23
21 58
22 38
22 23
22 24
23 66
23 24
23 25
23 62
24 69
24 25
24 26
24 47
25 39
25 26
25 27
25 42
25 45
26 39
26 27
26 28
27 71
27 28
27 29
28 65
28 60
28 29
28 30
29 55
29 30
29 31
30 32
30 77
30 44
30 31
31 32
31 33
31 40
32 33
32 34
32 45
33 34
33 35
33 61
33 47
33 45
34 35
34 36
34 40
34 59
35 36
35 37
35 70
36 37
36 38
36 47
37 70
37 38
37 39
38 43
38 40
38 42
38 39
39 67
39 40
39 41
40 41
40 42
40 49
40 52
41 42
41 43
41 78
41 63
42 48
42 66
42 43
42 44
43 44
43 45
44 45
44 46
44 47
45 55
45 46
45 47
46 48
46 49
46 60
46 47
47 48
47 49
48 49
48 50
48 55
49 50
49 51
50 51
50 52
50 62
51 52
51 53
51 76
51 66
52 53
52 54
52 62
53 54
53 55
53 74
54 72
54 55
54 56
55 72
55 66
55 56
55 57
56 57
56 58
57 71
57 58
57 59
57 61
58 59
58 60
59 74
59 60
59 61
60 61
60 62
61 62
61 63
62 64
62 63
63 64
63 65
64 65
64 66
64 67
65 72
65 66
65 67
66 67
66 68
66 71
67 68
67 69
68 69
68 70
68 71
69 70
69 71
70 71
70 72
71 72
71 73
72 73
72 74
73 75
73 74
74 75
74 76
75 76
75 77
76 77
76 78
77 78
77 79
78 79
