0 1
0 82
0 76
0 29
0 89
1 2
1 79
2 3
2 13
2 63
3 4
3 61
4 17
4 5
5 6
5 87
6 60
6 86
6 7
7 8
8 9
8 62
9 16
9 10
10 24
10 11
11 12
11 54
12 82
12 13
13 45
13 14
14 18
14 42
14 15
15 16
15 17
16 17
16 25
16 69
17 32
17 18
17 52
18 19
18 28
18 23
19 20
20 78
20 21
20 22
21 38
21 22
22 23
23 24
23 64
24 25
25 26
26 27
27 35
27 28
28 29
29 66
29 30
29 71
30 31
31 32
32 33
33 34
34 35
35 36
35 62
36 37
37 86
37 38
37 85
38 53
38 39
39 40
39 48
39 67
39 80
40 41
40 76
41 81
41 42
42 43
43 76
43 44
44 45
45 46
46 56
46 50
46 47
47 48
47 82
48 49
49 50
50 51
51 83
51 52
52 53
52 73
53 54
54 55
55 56
56 57
56 58
57 81
57 58
57 68
57 64
58 59
59 60
59 70
60 61
61 62
62 65
62 63
63 64
63 73
64 65
65 66
66 67
67 68
68 69
69 70
70 74
70 71
71 72
72 73
72 86
73 74
74 75
75 76
76 77
77 84
77 78
78 79
79 80
80 81
81 82
82 83
83 84
84 85
85 88
85 86
86 87
87 88
88 89
