0 1
0 2
0 52
0 6
0 88
0 89
1 89
1 2
1 3
1 54
2 18
2 3
2 4
3 67
3 4
3 5
3 63
3 34
3 46
3 31
4 5
4 6
4 63
5 65
5 6
5 7
5 73
5 76
6 51
6 7
6 8
6 75
7 57
7 8
7 9
7 79
8 83
8 19
8 86
8 9
8 10
9 87
9 22
9 10
9 11
9 44
10 11
10 12
10 28
10 47
11 17
11 12
11 42
11 13
12 27
12 13
12 14
13 66
13 47
13 14
13 15
14 16
14 46
14 59
14 77
14 15
15 16
15 17
15 59
16 17
16 18
16 41
16 43
17 18
17 19
18 19
18 20
18 31
19 83
19 20
19 21
19 43
19 37
20 21
20 22
20 75
20 59
21 22
21 39
21 24
21 23
22 23
22 24
22 27
23 24
23 25
23 34
24 25
24 26
25 26
25 27
26 53
26 42
26 27
26 28
27 28
27 29
28 29
28 30
29 51
29 30
29 46
29 31
30 32
30 70
30 44
30 31
31 32
31 33
31 62
31 56
32 33
32 34
32 52
33 48
33 34
33 35
33 60
34 35
34 36
35 36
35 37
36 37
36 38
37 66
37 53
37 38
37 39
38 40
38 39
39 40
39 41
39 86
40 41
40 42
40 59
41 42
41 43
42 76
42 43
42 44
43 44
43 45
43 63
44 45
44 46
45 59
45 46
45 47
46 48
46 47
47 48
47 49
47 77
48 49
48 50
49 50
49 51
49 52
50 51
50 52
50 55
51 52
51 53
52 53
52 54
53 54
53 55
53 77
54 64
54 55
54 56
55 56
55 57
56 57
56 58
57 58
57 59
58 83
58 59
58 60
59 60
59 61
60 61
60 62
61 62
61 63
62 64
62 63
63 64
63 65
64 65
64 66
65 66
65 67
66 67
66 68
67 68
67 69
68 69
68 70
69 70
69 71
70 72
70 71
71 72
71 73
72 88
72 73
72 74
73 74
73 75
74 75
74 76
75 76
75 77
76 81
76 77
76 78
77 78
77 79
78 80
78 79
79 80
79 81
80 81
80 82
81 82
81 83
82 83
82 84
83 84
83 85
84 85
84 86
85 86
85 87
86 88
86 87
87 88
87 89
88 89
