0 1
0 2
0 19
0 17
0 88
0 89
0 15
1 89
1 2
1 3
2 3
2 4
2 70
2 45
3 4
3 5
3 9
3 26
4 17
4 5
4 6
4 75
4 86
4 31
5 6
5 7
5 40
5 60
6 23
6 8
6 7
6 61
7 8
7 9
7 77
7 37
8 9
8 10
8 75
9 40
9 10
9 11
10 65
10 25
10 11
10 12
10 15
11 26
11 35
11 83
11 12
11 13
11 29
12 19
12 13
12 14
12 15
13 77
13 14
13 15
14 16
14 15
15 16
15 17
15 86
15 54
16 17
16 18
16 85
16 39
16 30
16 45
17 18
17 19
17 70
17 88
17 44
18 34
18 19
18 20
18 68
18 27
19 67
19 20
19 21
19 55
19 49
20 21
20 22
20 54
20 61
20 62
20 79
21 22
21 23
21 59
21 31
22 56
22 23
22 24
22 72
22 77
22 46
23 24
23 25
23 60
23 45
23 28
24 86
24 57
24 25
24 26
25 57
25 26
25 27
26 27
26 28
27 80
27 68
27 53
27 28
27 29
27 62
28 66
28 36
28 29
28 30
28 79
29 41
29 30
29 31
30 32
30 76
30 31
31 32
31 33
31 64
31 52
32 33
32 34
32 76
33 34
33 35
34 35
34 36
35 36
35 37
35 54
35 52
36 37
36 38
36 57
37 75
37 85
37 38
37 39
38 40
38 39
39 67
39 40
39 41
40 65
40 88
40 41
40 42
41 63
41 42
41 43
41 45
42 64
42 43
42 44
42 47
43 44
43 45
43 54
44 50
44 45
44 46
45 46
45 47
46 48
46 68
46 74
46 47
47 48
47 49
48 49
48 50
48 81
49 51
49 50
49 58
50 51
50 52
50 71
50 56
51 52
51 53
51 70
51 71
51 75
51 62
52 53
52 54
52 78
53 85
53 54
53 55
53 76
54 55
54 56
55 81
55 56
55 57
55 62
56 64
56 72
56 57
56 58
57 65
57 58
57 59
58 59
58 60
59 60
59 61
59 79
60 61
60 62
61 62
61 63
62 64
62 70
62 87
62 63
63 64
63 65
63 86
64 65
64 66
65 66
65 67
66 67
66 68
66 74
67 68
67 69
67 73
67 74
68 69
68 70
68 75
68 78
69 70
69 71
69 73
69 89
70 71
70 72
71 72
71 73
71 82
72 73
72 74
73 74
73 75
74 75
74 76
75 76
75 77
76 77
76 78
77 78
77 79
78 80
78 84
78 79
79 80
79 81
80 81
80 82
81 82
81 83
82 83
82 84
83 84
83 85
84 85
84 86
84 87
85 86
85 87
86 87
86 88
87 88
87 89
88 89
