0 1
0 2
0 3
0 5
0 87
0 88
0 89
0 42
0 31
0 21
0 47
1 2
1 3
1 4
1 41
1 11
1 79
1 80
1 75
1 51
1 54
1 89
1 88
1 57
2 3
2 4
2 5
2 89
2 10
2 27
2 13
3 4
3 5
3 6
3 17
3 34
4 16
4 5
4 6
4 7
4 65
4 69
4 35
5 6
5 7
5 8
6 7
6 8
6 9
6 25
6 11
7 49
7 66
7 8
7 9
7 10
7 28
7 61
7 79
8 71
8 9
8 10
8 11
8 55
8 37
9 19
9 85
9 10
9 11
9 12
10 71
10 11
10 12
10 13
11 38
11 12
11 13
11 14
11 44
11 53
11 54
12 59
12 30
12 13
12 14
12 15
13 16
13 25
13 14
13 15
14 16
14 17
14 18
14 49
14 55
14 15
15 16
15 17
15 18
15 34
15 76
15 61
16 17
16 18
16 19
16 49
16 58
16 44
17 51
17 41
17 45
17 18
17 19
17 20
17 54
17 57
17 60
18 19
18 20
18 21
18 33
18 72
18 39
19 20
19 21
19 22
19 56
19 28
19 47
20 84
20 21
20 22
20 23
20 55
21 22
21 23
21 24
21 25
21 66
22 23
22 24
22 25
23 24
23 25
23 26
24 82
24 79
24 52
24 25
24 26
24 27
24 47
25 26
25 27
25 28
25 86
26 73
26 71
26 27
26 28
26 29
26 55
27 48
27 68
27 28
27 29
27 30
27 36
28 83
28 68
28 74
28 55
28 87
28 29
28 30
28 31
29 32
29 84
29 40
29 41
29 30
29 31
30 32
30 33
30 66
30 75
30 37
30 47
30 31
31 32
31 33
31 34
31 56
31 70
31 39
31 40
32 33
32 34
32 35
32 65
32 88
33 50
33 34
33 35
33 36
33 68
33 42
34 35
34 36
34 37
35 67
35 36
35 37
35 38
35 55
35 72
35 87
36 68
36 37
36 38
36 39
36 87
37 64
37 38
37 39
37 40
37 67
37 60
38 39
38 40
38 41
38 52
39 40
39 41
39 42
40 74
40 41
40 42
40 43
40 60
40 62
41 50
41 42
41 43
41 44
41 63
42 87
42 43
42 44
42 45
43 72
43 89
43 44
43 45
43 46
43 61
44 84
44 54
44 45
44 46
44 47
45 48
45 65
45 46
45 47
46 48
46 49
46 71
46 47
47 48
47 49
47 50
48 49
48 50
48 51
48 86
48 58
49 50
49 51
49 52
49 67
50 51
50 52
50 53
50 89
51 52
51 53
51 54
51 80
51 55
51 62
52 53
52 54
52 55
52 85
52 79
53 54
53 55
53 56
54 80
54 55
54 56
54 57
55 68
55 56
55 57
55 58
56 64
56 65
56 57
56 58
56 59
56 60
56 62
57 58
57 59
57 60
58 66
58 59
58 60
58 61
59 76
59 65
59 68
59 60
59 61
59 62
60 61
60 62
60 63
61 64
61 62
61 63
62 64
62 65
62 87
62 63
63 64
63 65
63 66
63 85
63 87
64 65
64 66
64 67
64 88
64 73
65 66
65 67
65 68
66 67
66 68
66 69
67 68
67 69
67 70
67 87
67 71
68 69
68 70
68 71
68 75
68 76
69 70
69 71
69 72
69 79
70 88
70 71
70 72
70 73
71 72
71 73
71 74
72 73
72 74
72 75
73 74
73 75
73 76
74 75
74 76
74 77
75 76
75 77
75 78
75 85
76 77
76 78
76 79
77 80
77 78
77 79
78 80
78 81
78 79
79 80
79 81
79 82
80 81
80 82
80 83
81 82
81 83
81 84
82 83
82 84
82 85
83 84
83 85
83 86
84 85
84 86
84 87
85 86
85 87
85 88
86 87
86 88
86 89
87 88
87 89
88 89
