0 1
0 2
0 3
0 4
0 7
0 72
0 76
0 66
0 82
0 21
0 54
0 87
0 88
0 89
0 58
0 62
1 2
1 3
1 4
1 37
1 70
1 40
1 44
1 78
1 18
1 46
1 88
1 89
2 3
2 4
2 5
2 9
2 39
2 72
2 89
2 74
2 23
3 4
3 5
3 6
3 9
3 45
3 30
4 5
4 6
4 7
4 9
4 81
4 67
4 20
4 58
4 65
4 63
5 70
5 6
5 7
5 8
5 68
5 87
5 67
5 63
6 33
6 7
6 40
6 9
6 42
6 11
6 48
6 8
6 71
7 50
7 8
7 9
7 10
7 86
7 53
8 49
8 75
8 41
8 25
8 9
8 10
8 11
9 10
9 11
9 12
9 79
9 82
9 85
9 86
10 16
10 86
10 11
10 12
10 13
10 61
11 57
11 71
11 12
11 13
11 14
11 60
12 34
12 21
12 55
12 56
12 13
12 14
12 15
13 16
13 54
13 38
13 41
13 14
13 15
14 70
14 49
14 73
14 42
14 15
14 16
14 17
14 22
14 55
15 16
15 17
15 18
15 68
15 37
15 33
15 60
15 87
16 66
16 38
16 79
16 17
16 18
16 19
16 86
16 62
17 35
17 18
17 19
17 20
17 22
17 41
18 19
18 20
18 21
18 38
18 52
18 47
18 77
19 83
19 20
19 21
19 22
19 24
19 58
20 21
20 22
20 23
20 36
20 74
20 39
21 22
21 23
21 24
21 28
22 83
22 23
22 24
22 25
22 33
23 24
23 25
23 26
23 76
23 46
23 47
24 67
24 25
24 26
24 27
24 31
25 67
25 70
25 76
25 26
25 27
25 28
26 65
26 61
26 43
26 27
26 28
26 29
26 63
27 49
27 68
27 73
27 71
27 28
27 29
27 30
28 32
28 79
28 68
28 85
28 29
28 30
28 31
29 32
29 74
29 78
29 82
29 51
29 52
29 87
29 30
29 31
30 32
30 33
30 37
30 60
30 31
31 32
31 33
31 34
31 37
31 56
31 64
32 33
32 34
32 35
32 38
32 76
32 46
32 84
32 60
33 80
33 34
33 35
33 36
34 50
34 35
34 36
34 37
34 79
35 36
35 37
35 38
35 71
36 37
36 38
36 39
36 88
36 49
36 70
37 38
37 39
37 40
37 66
38 65
38 39
38 40
38 41
38 55
39 40
39 41
39 42
39 82
40 66
40 68
40 41
40 42
40 43
41 67
41 42
41 43
41 44
41 45
42 83
42 62
42 43
42 44
42 45
43 82
43 44
43 45
43 46
44 66
44 52
44 45
44 46
44 47
45 48
45 46
45 47
46 55
46 47
46 48
46 49
46 85
46 58
47 48
47 49
47 50
47 59
47 74
48 49
48 50
48 51
48 55
48 75
49 59
49 50
49 51
49 52
50 54
50 71
50 51
50 52
50 53
50 86
50 56
51 52
51 53
51 54
51 60
52 84
52 53
52 54
52 55
52 61
53 86
53 54
53 55
53 56
53 57
53 58
54 71
54 73
54 77
54 81
54 55
54 56
54 57
54 60
54 62
55 77
55 56
55 57
55 58
55 62
56 57
56 58
56 59
56 77
57 58
57 59
57 60
58 78
58 59
58 60
58 61
59 74
59 60
59 61
59 62
60 72
60 62
60 61
60 63
61 64
61 75
61 62
61 63
62 64
62 65
62 63
63 64
63 65
63 66
64 65
64 66
64 67
64 87
65 66
65 67
65 68
65 87
66 67
66 68
66 69
66 75
66 72
66 87
67 68
67 69
67 70
68 69
68 70
68 71
68 79
68 76
68 83
69 70
69 71
69 72
69 76
70 71
70 72
70 73
71 72
71 73
71 74
71 76
72 73
72 74
72 75
72 86
72 89
73 74
73 75
73 76
74 75
74 76
74 77
74 83
75 76
75 77
75 78
76 77
76 78
76 79
76 84
77 80
77 78
77 79
78 80
78 81
78 79
79 80
79 81
79 82
80 81
80 82
80 83
80 86
81 82
81 83
81 84
81 87
82 83
82 84
82 85
83 84
83 85
83 86
84 85
84 86
84 87
85 86
85 87
85 88
86 87
86 88
86 89
87 88
87 89
88 89
