0 1
0 47
0 69
0 55
0 89
1 2
2 75
2 3
2 45
2 65
3 40
3 4
4 11
4 79
4 5
4 31
5 56
5 6
6 16
6 12
6 7
7 8
7 18
7 68
8 9
8 15
8 44
9 80
9 50
9 52
9 54
9 10
10 11
10 30
11 12
11 13
12 34
12 13
12 69
13 24
13 14
14 48
14 63
14 15
15 16
16 17
17 18
17 39
18 19
18 84
19 42
19 20
19 45
20 42
20 21
21 26
21 22
21 39
22 86
22 23
23 24
23 64
23 81
24 25
24 36
24 78
25 26
25 45
26 27
27 88
27 28
28 64
28 29
28 53
29 30
29 55
30 48
30 39
30 31
31 32
32 33
32 34
32 54
33 57
33 34
33 60
34 35
34 73
35 36
36 37
37 71
37 38
37 79
38 82
38 39
39 40
39 86
40 41
41 67
41 42
41 75
42 43
43 73
43 44
43 47
44 73
44 45
45 46
46 74
46 47
47 48
48 49
48 87
48 79
49 73
49 50
50 51
51 52
51 85
52 53
53 57
53 54
53 89
54 55
55 56
55 77
56 57
57 58
58 59
59 60
59 66
60 82
60 61
61 85
61 62
62 68
62 63
63 64
63 83
64 65
65 66
66 67
67 68
68 69
69 70
70 87
70 71
71 72
72 73
72 83
73 74
74 75
75 76
76 77
77 78
78 79
79 80
80 81
81 82
82 83
83 84
84 85
85 86
86 87
87 88
88 89
