0 32
0 1
0 2
0 3
0 68
0 40
0 42
0 77
0 89
0 86
0 87
0 88
0 4
0 74
1 2
1 3
1 4
1 5
1 71
1 8
1 46
1 15
1 56
1 52
1 87
1 88
1 89
1 20
2 3
2 4
2 5
2 6
2 71
2 45
2 16
2 83
2 88
2 89
3 4
3 5
3 6
3 7
3 13
3 54
3 25
3 89
3 62
4 5
4 6
4 7
4 8
4 33
4 75
4 77
5 6
5 7
5 8
5 9
5 42
5 52
5 87
5 36
5 27
6 7
6 8
6 9
6 10
6 63
7 59
7 8
7 9
7 10
7 11
7 14
7 79
8 35
8 9
8 10
8 11
8 12
8 86
9 26
9 36
9 10
9 11
9 12
9 13
9 53
10 82
10 19
10 11
10 12
10 13
10 14
11 26
11 28
11 71
11 12
11 13
11 14
11 15
12 16
12 50
12 29
12 13
12 14
12 15
13 70
13 38
13 14
13 15
13 16
13 17
13 50
13 84
14 16
14 17
14 18
14 40
14 80
14 15
15 37
15 71
15 16
15 17
15 18
15 19
15 23
16 47
16 17
16 18
16 19
16 20
16 23
16 26
17 18
17 19
17 20
17 21
17 74
18 19
18 20
18 21
18 22
18 89
18 86
19 20
19 21
19 22
19 23
19 25
19 39
20 47
20 21
20 22
20 23
20 24
20 25
20 26
20 30
21 80
21 49
21 22
21 23
21 24
21 25
21 76
22 40
22 23
22 24
22 25
22 26
22 66
23 42
23 24
23 56
23 25
23 26
23 27
24 81
24 25
24 26
24 27
24 28
24 42
24 63
25 26
25 27
25 28
25 29
26 48
26 58
26 27
26 28
26 29
26 30
27 65
27 71
27 40
27 28
27 29
27 30
27 31
28 32
28 52
28 29
28 30
28 31
29 32
29 33
29 48
29 73
29 30
29 31
30 32
30 33
30 34
30 41
30 31
31 32
31 33
31 34
31 35
32 33
32 34
32 35
32 36
33 34
33 35
33 36
33 37
33 70
33 67
34 35
34 36
34 37
34 38
34 48
34 62
34 70
35 36
35 37
35 38
35 39
35 45
36 37
36 38
36 39
36 40
36 46
37 68
37 57
37 38
37 39
37 40
37 41
38 39
38 40
38 41
38 42
38 43
38 49
38 75
39 72
39 40
39 41
39 42
39 43
40 41
40 42
40 43
40 44
40 47
41 65
41 51
41 42
41 43
41 44
41 45
42 43
42 44
42 45
42 46
42 85
43 62
43 54
43 44
43 45
43 46
43 47
44 48
44 60
44 45
44 46
44 47
45 77
45 66
45 46
45 47
45 48
45 49
46 47
46 48
46 49
46 50
46 55
46 79
47 68
47 48
47 49
47 50
47 51
47 56
48 72
48 49
48 50
48 51
48 52
49 50
49 51
49 52
49 53
50 64
50 71
50 51
50 52
50 53
50 54
50 56
50 57
51 70
51 73
51 52
51 53
51 54
51 55
51 61
52 64
52 87
52 78
52 53
52 54
52 55
52 56
53 54
53 55
53 56
53 57
53 79
54 55
54 56
54 57
54 58
55 66
55 79
55 56
55 57
55 58
55 59
55 61
56 57
56 58
56 59
56 60
57 83
57 58
57 59
57 60
57 61
57 62
58 85
58 59
58 60
58 61
58 62
59 65
59 66
59 74
59 79
59 60
59 61
59 62
59 63
60 64
60 82
60 61
60 62
60 63
61 64
61 65
61 67
61 84
61 62
61 63
62 64
62 65
62 66
62 63
63 64
63 65
63 66
63 67
64 65
64 66
64 67
64 68
64 72
64 83
65 66
65 67
65 68
65 69
65 75
65 78
65 79
66 67
66 68
66 69
66 70
66 77
67 68
67 69
67 70
67 71
68 69
68 70
68 71
68 72
68 78
69 70
69 71
69 72
69 73
70 71
70 72
70 73
70 74
71 72
71 73
71 74
71 75
72 73
72 74
72 75
72 76
73 74
73 75
73 76
73 77
74 75
74 76
74 77
74 78
75 76
75 77
75 78
75 79
76 80
76 77
76 78
76 79
77 78
77 79
77 80
77 81
78 80
78 81
78 82
78 79
79 80
79 81
79 82
79 83
80 81
80 82
80 83
80 84
81 82
81 83
81 84
81 85
82 83
82 84
82 85
82 86
83 84
83 85
83 86
83 87
84 85
84 86
84 87
84 88
85 86
85 87
85 88
85 89
86 87
86 88
86 89
87 88
87 89
88 89
