0 1
0 89
1 2
2 3
3 4
4 5
5 6
6 7
7 8
8 9
9 10
10 11
11 12
11 77
12 75
12 13
12 30
13 34
13 14
14 15
15 16
15 77
16 17
17 18
18 19
18 54
19 80
19 20
20 21
21 85
21 22
22 23
23 24
23 63
24 25
25 56
25 26
26 40
26 27
27 28
28 29
29 30
30 31
31 32
32 33
33 34
34 35
35 36
36 37
37 38
38 53
38 39
39 40
40 41
41 42
41 82
42 43
43 44
44 45
45 46
46 47
47 48
47 60
48 49
49 50
50 51
50 76
51 52
52 88
52 53
53 54
54 55
55 56
55 65
55 83
56 57
57 58
58 59
59 60
60 82
60 61
61 62
62 63
63 64
64 65
65 66
66 67
67 68
68 69
69 70
69 71
70 71
71 72
72 73
73 74
74 75
75 76
76 77
77 78
78 79
79 80
80 81
81 82
81 84
82 83
83 84
84 85
85 86
86 87
87 88
88 89
