0 1
0 2
0 50
0 37
0 33
0 88
0 89
0 44
0 29
0 53
1 2
1 3
1 37
1 55
1 89
1 31
1 46
1 79
2 3
2 4
2 29
2 14
3 4
3 5
3 17
3 44
4 5
4 6
4 9
4 62
5 22
5 6
5 7
6 8
6 31
6 7
7 32
7 80
7 8
7 9
7 74
7 77
7 14
7 29
8 69
8 9
8 10
8 15
8 47
9 32
9 27
9 10
9 11
9 74
10 48
10 34
10 11
10 12
11 12
11 13
12 64
12 35
12 13
12 14
12 79
13 36
13 56
13 60
13 14
13 15
14 16
14 36
14 77
14 78
14 15
15 16
15 17
15 67
15 72
16 48
16 17
16 18
16 80
17 19
17 18
17 21
17 86
17 25
17 82
18 19
18 20
18 48
18 58
18 44
19 67
19 20
19 21
19 72
19 25
20 35
20 51
20 84
20 21
20 22
20 32
20 81
21 48
21 22
21 23
21 73
22 23
22 24
22 55
22 28
23 24
23 25
23 48
24 25
24 26
24 58
24 46
25 68
25 43
25 26
25 27
26 27
26 28
26 31
26 44
27 48
27 76
27 70
27 28
27 29
28 39
28 40
28 29
28 30
29 83
29 46
29 82
29 30
29 31
30 32
30 65
30 68
30 85
30 41
30 57
30 31
31 32
31 33
31 51
31 64
31 47
32 33
32 34
32 49
32 82
32 45
33 34
33 35
33 52
33 73
34 35
34 36
34 54
34 71
34 59
35 36
35 37
35 38
35 50
35 78
36 59
36 37
36 38
36 54
37 54
37 38
37 39
37 75
37 86
38 48
38 65
38 54
38 39
38 40
38 44
39 40
39 41
40 41
40 42
40 71
40 78
41 80
41 71
41 42
41 43
42 81
42 67
42 43
42 44
43 58
43 44
43 45
44 45
44 46
45 46
45 47
46 48
46 88
46 75
46 47
47 48
47 49
48 49
48 50
48 57
48 58
49 50
49 51
49 74
50 51
50 52
51 67
51 52
51 53
51 56
51 59
52 68
52 53
52 54
53 54
53 55
53 59
54 55
54 56
55 56
55 57
55 60
56 84
56 72
56 57
56 58
57 71
57 62
57 58
57 59
58 59
58 60
58 67
58 79
59 67
59 60
59 61
60 61
60 62
61 62
61 63
62 64
62 77
62 63
63 64
63 65
63 88
63 79
64 65
64 66
64 73
65 66
65 67
65 87
66 67
66 68
67 68
67 69
68 69
68 70
68 71
69 70
69 71
69 89
69 79
70 72
70 71
71 72
71 73
72 88
72 73
72 74
73 74
73 75
74 86
74 75
74 76
75 87
75 76
75 77
76 82
76 77
76 78
77 78
77 79
78 80
78 79
79 80
79 81
80 81
80 82
80 84
81 82
81 83
82 83
82 84
83 84
83 85
84 85
84 86
85 86
85 87
86 87
86 88
87 88
87 89
88 89
