0 1
0 87
0 89
1 2
1 11
2 19
2 3
3 4
3 13
3 22
4 80
4 60
4 5
4 55
5 6
6 7
7 8
7 70
8 9
8 30
8 78
9 16
9 10
9 46
10 11
11 12
11 65
12 72
12 13
12 69
13 14
14 86
14 15
15 16
16 17
16 28
17 56
17 18
18 19
19 20
20 21
20 85
21 22
22 23
23 24
23 39
24 25
24 33
25 26
26 27
27 28
28 29
29 30
30 31
31 32
31 68
32 33
32 34
33 34
34 35
34 88
35 36
36 37
37 54
37 38
38 39
39 40
40 41
41 42
42 43
43 44
43 86
44 45
45 59
45 46
46 47
47 48
47 72
48 49
49 50
50 51
51 87
51 52
51 58
51 79
52 53
53 54
54 82
54 55
55 56
55 81
56 57
56 58
57 58
58 59
59 60
60 61
61 84
61 78
61 62
62 63
63 64
64 65
65 66
66 67
67 68
68 69
69 70
70 71
71 72
71 75
72 73
73 74
73 86
74 75
75 76
76 77
77 78
78 79
79 80
79 86
80 81
81 82
82 83
83 84
84 85
85 86
86 87
87 88
88 89
