0 1
0 2
0 3
0 4
0 70
0 7
0 41
0 83
0 86
0 87
0 88
0 89
0 27
0 60
0 61
1 64
1 2
1 3
1 4
1 5
1 6
1 71
1 20
1 54
1 87
1 88
1 89
1 38
1 62
2 3
2 4
2 5
2 6
2 32
2 73
2 76
2 57
2 23
2 88
2 89
2 61
3 4
3 5
3 6
3 7
3 73
3 13
3 17
3 89
3 27
3 68
3 31
4 5
4 6
4 7
4 8
4 9
4 71
4 89
4 31
4 37
5 6
5 7
5 8
5 9
5 66
5 80
5 81
5 59
5 31
6 48
6 7
6 8
6 9
6 10
7 8
7 41
7 10
7 11
7 72
7 9
7 55
8 9
8 10
8 11
8 12
8 88
8 56
8 39
8 31
9 10
9 11
9 12
9 13
9 24
9 19
9 56
9 88
9 89
9 61
10 62
10 11
10 12
10 13
10 14
10 21
11 17
11 60
11 30
11 12
11 13
11 14
11 15
12 48
12 47
12 13
12 14
12 79
12 16
12 72
12 51
12 86
12 23
12 15
13 48
13 14
13 15
13 16
13 17
13 76
13 59
14 67
14 73
14 45
14 16
14 17
14 18
14 15
14 63
15 81
15 76
15 43
15 79
15 16
15 17
15 18
15 19
15 53
15 50
15 58
16 17
16 18
16 19
16 20
16 30
16 83
16 79
17 66
17 36
17 69
17 18
17 19
17 20
17 21
17 56
17 52
17 30
18 83
18 40
18 87
18 19
18 20
18 21
18 22
18 55
18 28
19 36
19 70
19 41
19 87
19 20
19 21
19 22
19 23
19 61
20 54
20 44
20 21
20 22
20 23
20 24
20 25
20 86
21 83
21 35
21 22
21 39
21 72
21 55
21 44
21 54
21 23
21 24
21 25
21 59
22 50
22 78
22 79
22 86
22 23
22 24
22 25
22 26
23 24
23 25
23 26
23 27
23 28
23 62
24 72
24 57
24 83
24 25
24 26
24 27
24 28
24 29
25 71
25 47
25 83
25 26
25 27
25 28
25 29
26 67
26 80
26 59
26 50
26 54
26 27
26 28
26 29
26 30
27 42
27 52
27 28
27 29
27 30
27 31
28 32
28 34
28 72
28 42
28 82
28 81
28 29
28 30
28 31
29 32
29 33
29 57
29 40
29 30
29 31
30 32
30 33
30 34
30 43
30 36
30 49
30 39
30 50
30 55
30 31
31 32
31 33
31 34
31 35
31 74
31 79
31 36
32 33
32 34
32 35
32 36
32 74
32 85
32 68
33 34
33 35
33 36
33 37
33 70
33 73
33 45
33 79
33 49
33 82
33 55
34 35
34 36
34 37
34 38
34 87
34 81
35 36
35 37
35 38
35 39
35 64
35 79
35 55
36 37
36 38
36 39
36 40
36 42
36 48
36 63
37 38
37 39
37 40
37 41
37 46
37 53
37 65
38 39
38 40
38 41
38 42
38 79
38 48
38 62
39 71
39 41
39 42
39 43
39 40
39 83
39 73
39 57
40 64
40 41
40 42
40 43
40 44
40 50
40 83
40 89
41 43
41 42
41 44
41 45
41 77
42 43
42 44
42 45
42 46
42 81
42 62
43 76
43 44
43 45
43 46
43 47
44 48
44 68
44 45
44 46
44 47
45 80
45 46
45 47
45 48
45 49
45 55
45 58
46 48
46 49
46 50
46 54
46 87
46 47
47 48
47 49
47 50
47 51
47 60
48 83
48 49
48 50
48 51
48 52
48 61
48 69
49 50
49 51
49 52
49 53
50 51
50 52
50 53
50 54
50 58
51 69
51 70
51 52
51 53
51 54
51 55
51 57
52 53
52 54
52 55
52 56
52 73
53 54
53 55
53 56
53 57
54 84
54 67
54 76
54 55
54 56
54 57
54 58
55 56
55 57
55 58
55 59
55 60
55 61
56 64
56 81
56 57
56 58
56 59
56 60
57 58
57 59
57 60
57 61
58 77
58 59
58 60
58 61
58 62
59 61
59 84
59 60
59 62
59 63
60 64
60 69
60 81
60 61
60 62
60 63
61 64
61 65
61 70
61 80
61 84
61 62
61 63
62 64
62 65
62 66
62 78
62 88
62 63
63 64
63 65
63 66
63 67
63 70
63 86
63 88
64 65
64 66
64 67
64 68
64 69
64 86
65 66
65 67
65 68
65 69
65 75
65 76
66 67
66 68
66 69
66 70
66 72
66 76
67 68
67 69
67 70
67 71
68 69
68 70
68 72
68 73
68 71
68 79
69 70
69 71
69 72
69 73
69 86
69 87
70 71
70 72
70 73
70 74
70 77
71 72
71 73
71 74
71 75
72 75
72 73
72 74
72 76
72 82
73 74
73 75
73 76
73 77
74 84
74 75
74 76
74 77
74 78
75 89
75 76
75 77
75 78
75 79
76 77
76 78
76 79
76 80
76 82
76 85
77 78
77 79
77 80
77 81
77 84
78 80
78 81
78 82
78 79
79 80
79 81
79 82
79 83
80 81
80 82
80 83
80 84
81 82
81 83
81 84
81 85
81 87
82 83
82 84
82 85
82 86
83 84
83 85
83 86
83 87
84 85
84 86
84 87
84 88
85 86
85 87
85 88
85 89
86 87
86 88
86 89
87 88
87 89
88 89
