0 1
0 2
0 3
0 69
0 87
0 88
0 89
0 57
0 21
1 2
1 3
1 4
1 41
1 82
1 52
1 22
1 87
1 88
1 89
1 28
2 3
2 4
2 5
2 9
2 89
2 55
2 61
2 47
3 67
3 4
3 5
3 6
3 13
4 27
4 5
4 6
4 7
4 43
4 61
5 56
5 6
5 7
5 8
5 20
5 61
6 7
6 8
6 9
7 24
7 8
7 9
7 10
7 12
7 30
8 64
8 9
8 10
8 11
9 27
9 36
9 39
9 10
9 11
9 12
10 25
10 87
10 11
10 12
10 13
10 78
11 82
11 35
11 57
11 12
11 13
11 14
12 23
12 76
12 13
12 14
12 15
12 89
12 57
12 79
13 16
13 21
13 71
13 14
13 15
14 16
14 17
14 39
14 15
15 16
15 17
15 18
15 26
16 34
16 17
16 18
16 19
16 49
17 48
17 18
17 19
17 20
18 19
18 20
18 21
19 20
19 21
19 22
19 74
19 38
20 21
20 22
20 23
20 61
21 22
21 23
21 24
21 41
21 42
22 23
22 24
22 25
23 24
23 25
23 26
23 60
24 64
24 25
24 26
24 27
24 76
25 71
25 38
25 26
25 27
25 28
26 27
26 28
26 29
26 55
27 28
27 29
27 30
28 34
28 51
28 60
28 29
28 30
28 31
29 32
29 67
29 36
29 47
29 61
29 30
29 31
30 32
30 33
30 81
30 88
30 57
30 31
31 32
31 33
31 34
31 86
32 33
32 34
32 35
32 59
33 49
33 34
33 35
33 36
33 89
34 35
34 36
34 37
34 79
34 70
35 59
35 36
35 37
35 38
36 37
36 38
36 39
36 56
37 38
37 39
37 40
37 76
38 39
38 40
38 41
38 60
39 81
39 40
39 41
39 42
39 44
40 83
40 41
40 42
40 43
41 50
41 42
41 43
41 44
42 43
42 44
42 45
42 55
43 64
43 70
43 44
43 45
43 46
44 62
44 45
44 46
44 47
45 48
45 80
45 46
45 47
46 48
46 49
46 73
46 47
47 48
47 49
47 50
48 49
48 50
48 51
49 50
49 51
49 52
50 51
50 52
50 53
50 80
51 52
51 53
51 54
51 70
51 63
52 68
52 53
52 54
52 55
52 85
53 54
53 55
53 56
54 55
54 56
54 57
55 56
55 57
55 58
56 57
56 58
56 59
57 58
57 59
57 60
57 89
58 81
58 59
58 60
58 61
59 72
59 81
59 60
59 61
59 62
60 61
60 62
60 63
61 64
61 62
61 63
62 64
62 65
62 63
63 64
63 65
63 66
64 65
64 66
64 67
64 78
65 66
65 67
65 68
66 67
66 68
66 69
67 68
67 69
67 70
68 69
68 70
68 71
69 70
69 71
69 72
70 71
70 72
70 73
71 72
71 73
71 74
72 73
72 74
72 75
72 79
73 81
73 74
73 75
73 76
74 75
74 76
74 77
75 76
75 77
75 78
76 77
76 78
76 79
77 80
77 78
77 79
78 80
78 81
78 79
79 80
79 81
79 82
80 81
80 82
80 83
81 82
81 83
81 84
82 83
82 84
82 85
83 84
83 85
83 86
84 85
84 86
84 87
85 86
85 87
85 88
86 87
86 88
86 89
87 88
87 89
88 89
