0 1
0 2
0 3
0 4
0 5
0 6
0 7
0 8
0 9
1 10
1 11
1 12
1 13
1 14
1 7
1 15
1 16
1 17
1 18
2 19
2 20
2 21
2 22
2 23
2 24
2 25
2 26
2 27
2 12
2 28
2 29
2 4
2 30
2 31
2 32
2 33
2 34
2 35
2 36
2 37
2 38
2 39
2 40
2 41
2 42
2 43
2 8
2 44
2 45
2 46
2 47
2 48
2 49
2 50
2 51
2 52
2 53
2 54
3 20
3 23
3 24
3 12
3 55
3 30
3 31
3 32
3 33
3 39
3 56
3 43
3 44
3 45
3 57
3 49
3 50
3 51
3 53
3 58
3 59
4 20
4 23
4 24
4 2
4 29
4 30
4 31
4 32
4 33
4 39
4 56
4 60
4 44
4 61
4 57
4 49
4 50
4 51
4 53
4 58
4 59
5 10
5 62
5 12
5 3
5 63
5 64
5 8
6 65
6 66
6 67
6 68
6 69
6 70
6 71
6 72
6 73
6 17
6 74
6 75
6 76
6 77
6 18
6 78
6 79
7 1
7 2
7 3
7 6
7 80
7 77
8 81
8 82
8 83
8 3
8 4
8 84
8 5
8 85
8 64
8 86
8 87
8 88
9 82
9 89
9 4
9 84
9 90
9 5
9 7
9 86
9 91
10 81
10 92
10 93
10 94
10 95
10 63
10 64
62 12
62 29
62 3
62 63
62 64
12 96
12 20
12 21
12 22
12 23
12 24
12 25
12 26
12 27
12 2
12 13
12 55
12 3
12 30
12 31
12 32
12 33
12 34
12 35
12 36
12 37
12 38
12 39
12 39
12 40
12 97
12 98
12 60
12 44
12 61
12 46
12 47
12 48
12 49
12 50
12 51
12 52
12 53
12 54
63 6
63 67
63 99
63 68
63 69
63 70
63 71
63 72
63 73
63 74
63 77
63 18
63 78
63 79
64 100
64 62
64 12
64 28
64 29
64 3
64 4
64 63
64 79
101 96
101 4
101 102
101 103
101 104
101 105
101 106
101 107
101 68
101 91
101 76
101 108
96 109
96 1
96 100
96 110
96 11
96 111
96 12
96 2
96 13
96 55
96 29
96 112
96 113
96 114
96 104
96 107
96 77
102 115
102 107
102 68
102 116
102 117
103 4
103 118
103 101
103 102
103 64
103 68
103 69
103 70
103 72
103 119
103 17
103 77
103 18
103 79
103 120
104 102
104 121
104 105
104 80
104 107
104 73
104 122
105 12
105 2
105 123
105 15
105 99
105 124
105 125
105 77
105 18
105 79
106 126
106 12
106 2
106 127
106 77
106 18
106 78
106 79
107 128
68 73
68 117
91 71
91 117
76 129
108 107
108 119
108 130
108 131
108 117
65 132
65 3
65 133
65 134
65 135
65 136
65 105
65 106
65 137
65 67
65 69
65 88
65 138
65 139
65 140
132 141
132 100
133 66
133 134
133 137
133 69
133 117
134 133
134 136
134 6
134 80
134 137
134 119
134 130
134 131
134 139
134 142
135 3
135 4
135 143
135 65
135 144
135 133
135 145
135 7
135 69
135 70
135 71
135 73
135 130
135 77
135 18
135 78
135 79
136 133
136 134
136 106
136 80
136 137
136 72
136 130
136 146
137 147
67 63
67 6
67 70
67 72
67 17
67 138
67 148
67 18
67 117
69 72
69 117
88 130
88 149
88 117
138 129
139 66
139 137
139 72
139 130
139 131
139 117
150 115
150 151
150 107
150 72
150 117
115 4
115 150
115 68
115 70
115 71
115 72
115 73
115 130
115 117
151 13
151 28
151 112
151 113
151 90
151 38
151 152
151 39
151 153
151 150
151 144
151 102
151 133
151 42
151 60
151 107
151 137
151 44
72 6
72 68
72 69
72 117
144 137
144 73
144 117
73 68
73 154
73 117
70 135
70 63
70 6
70 69
70 71
70 87
70 117
71 84
71 63
71 6
71 68
71 70
71 117
130 117
66 3
66 144
66 68
66 69
66 70
66 71
66 72
66 73
66 119
66 142
66 117
119 117
142 155
142 13
142 28
142 4
142 136
142 6
142 106
142 9
142 137
142 71
142 138
116 28
116 4
116 102
116 63
116 64
116 80
116 156
116 68
116 73
116 157
116 79
158 62
158 150
158 128
158 64
158 107
158 119
158 130
158 159
128 106
128 69
128 157
159 150
159 107
159 69
159 119
159 117
160 143
160 144
160 106
160 80
160 137
160 161
160 119
160 130
160 162
143 3
143 163
143 144
143 66
143 135
143 147
143 7
143 105
143 106
143 68
143 73
143 164
143 91
143 74
143 127
143 162
143 165
143 166
80 167
80 81
80 82
80 155
80 5
80 118
80 143
80 101
80 65
80 145
80 128
80 147
80 104
80 136
80 63
80 6
80 64
80 7
80 107
80 137
80 130
80 131
80 168
80 140
161 64
161 7
161 117
162 137
162 73
162 161
162 130
162 166
162 117
169 170
169 3
169 115
169 128
169 104
169 105
169 80
169 70
169 71
169 130
169 131
169 171
170 172
170 12
170 2
170 3
170 173
170 118
170 14
170 115
170 169
170 103
170 63
170 174
170 8
170 9
170 80
170 67
170 99
170 70
170 149
170 91
170 75
170 146
170 127
170 175
131 18
131 117
171 62
171 13
171 3
171 113
171 63
171 105
171 8
145 19
145 66
145 135
145 147
145 136
145 80
145 70
145 119
145 131
145 139
145 165
19 126
19 170
19 12
19 2
19 29
19 4
19 113
19 90
19 143
19 14
19 176
19 135
19 8
19 9
19 80
19 71
19 164
19 177
147 105
147 106
147 68
147 88
147 154
165 28
165 143
165 66
165 145
165 106
165 70
165 71
165 164
165 74
165 138
165 125
165 142
121 5
121 102
121 104
121 63
121 80
121 107
121 119
121 130
121 131
121 108
118 4
118 150
118 115
118 103
118 128
118 64
118 105
118 106
118 107
118 156
118 72
118 149
118 88
118 75
118 125
118 159
118 175
118 120
17 100
17 2
17 103
17 123
17 15
17 87
17 149
77 63
77 6
77 79
77 117
18 63
18 6
18 117
79 63
79 6
79 99
79 68
79 77
79 117
120 4
120 64
120 69
120 72
120 77
120 18
78 151
78 63
78 6
78 67
78 69
78 18
78 117
157 129
154 129
122 129
146 129
166 3
166 4
166 7
166 68
166 73
166 77
166 18
175 13
175 118
175 115
175 106
175 69
175 76
175 127
175 171
13 20
13 21
13 24
13 25
13 26
13 27
13 2
13 28
13 29
13 4
13 178
13 34
13 95
13 46
13 51
13 179
13 59
13 129
127 12
127 161
127 180
127 117
28 20
28 21
28 24
28 25
28 26
28 27
28 12
28 13
28 55
28 3
28 178
28 34
28 181
28 46
28 51
28 179
28 59
28 129
164 126
164 89
164 182
164 2
164 28
164 55
164 4
164 112
164 86
164 70
164 71
164 72
164 73
164 142
164 117
74 129
125 2
125 161
125 177
125 117
156 3
156 4
156 84
156 90
156 178
156 118
156 143
156 101
156 65
156 135
156 64
156 7
156 123
156 15
156 68
156 70
156 71
156 77
156 18
156 78
156 79
156 168
168 12
168 3
168 133
168 6
168 7
168 68
168 69
168 72
168 157
168 154
168 78
110 3
110 4
110 71
110 140
110 140
149 172
149 100
149 183
149 83
149 184
149 12
149 28
149 3
149 118
149 70
149 71
149 72
149 88
149 76
149 157
149 185
149 171
149 117
75 129
163 170
163 19
163 186
163 12
163 187
163 112
163 95
163 43
163 60
163 188
163 189
163 17
163 190
163 162
191 192
191 161
191 117
192 37
192 193
192 194
192 117
113 2
113 13
113 28
113 29
113 3
113 195
113 187
113 112
113 196
113 181
113 43
113 60
113 188
113 197
113 45
155 198
155 2
155 4
155 6
155 7
155 142
199 172
199 81
199 62
199 104
199 63
199 86
199 185
172 1
172 100
172 2
172 13
172 28
172 3
172 113
172 176
172 123
172 107
172 107
172 78
81 199
81 109
81 1
81 100
81 200
81 201
81 4
81 153
81 63
81 80
81 123
81 125
81 185
86 81
86 82
86 202
86 62
86 5
86 153
86 181
86 63
86 6
86 171
86 142
185 203
185 131
185 16
185 117
167 126
167 198
167 82
167 182
167 155
167 204
167 205
167 6
167 9
167 86
167 125
167 148
167 142
126 13
126 28
126 3
126 112
126 15
126 137
126 99
126 79
198 167
198 82
198 206
198 181
198 6
198 7
82 141
82 1
82 100
82 3
82 4
82 153
82 6
82 15
82 127
82 148
182 126
182 167
182 141
182 100
182 2
182 28
182 55
182 29
182 4
182 95
182 205
182 6
182 164
204 167
204 82
204 132
204 28
204 6
204 86
204 148
205 167
205 202
205 12
205 2
205 13
205 28
205 3
205 187
205 178
205 207
205 85
205 43
205 60
205 197
205 6
205 9
205 15
205 129
148 208
148 131
148 17
148 117
109 172
109 1
109 209
109 81
109 11
109 210
109 184
109 94
109 181
109 174
100 2
100 28
100 3
100 63
100 64
100 123
100 15
100 16
100 77
100 211
11 212
11 213
11 109
11 141
11 1
11 100
11 10
11 198
11 206
11 93
11 94
111 199
111 109
111 1
111 184
111 12
111 13
111 55
111 29
111 63
111 123
111 107
111 86
55 20
55 21
55 22
55 25
55 26
55 12
55 13
55 29
55 30
55 31
55 32
55 33
55 34
55 37
55 38
55 214
55 85
55 97
55 215
55 43
55 44
55 45
55 47
55 49
55 50
55 52
55 53
29 20
29 21
29 22
29 25
29 26
29 2
29 28
29 55
29 30
29 31
29 32
29 33
29 34
29 37
29 38
29 214
29 85
29 41
29 215
29 60
29 44
29 61
29 47
29 49
29 50
29 52
29 53
112 12
112 13
112 28
112 55
112 4
112 216
112 217
112 95
112 43
112 60
112 189
112 218
112 219
112 156
112 61
114 199
114 100
114 81
114 13
114 63
114 127
220 141
220 100
220 11
220 182
220 2
220 13
220 28
220 55
220 29
220 217
220 113
220 94
220 135
220 43
220 105
220 106
141 126
141 220
141 100
141 82
141 11
141 206
141 94
141 219
217 220
217 202
217 13
217 29
217 195
217 187
217 112
217 113
217 221
217 197
217 8
217 86
217 125
217 185
217 222
94 220
94 141
94 1
94 100
94 10
94 198
94 93
43 20
43 23
43 12
43 2
43 13
43 28
43 55
43 29
43 3
43 4
43 112
43 178
43 31
43 152
43 39
43 214
43 40
43 223
43 153
43 41
43 98
43 60
43 151
43 224
43 191
43 156
43 157
43 225
43 226
43 227
43 228
43 229
43 230
43 231
212 232
212 10
232 212
232 109
232 1
232 11
232 5
232 64
232 191
232 140
213 198
213 11
14 170
14 19
14 1
14 100
14 12
14 2
14 13
14 28
14 55
14 29
14 153
14 176
15 126
15 1
15 12
15 13
15 28
15 112
15 84
15 7
15 156
15 70
15 71
15 124
15 180
15 177
15 77
15 18
15 117
16 1
16 12
16 123
16 15
16 149
123 12
123 13
123 28
123 64
123 156
123 70
123 71
123 124
123 17
123 180
123 177
123 18
123 78
123 117
211 100
211 233
211 123
211 87
211 16
211 17
211 44
211 57
211 49
211 50
211 222
211 58
211 117
234 213
234 200
234 132
234 155
234 0
234 64
234 7
234 140
200 167
200 109
200 1
200 100
200 10
200 198
200 93
200 94
200 6
201 1
201 10
201 81
201 200
201 11
201 184
201 93
201 94
153 81
153 202
153 62
153 155
153 12
153 13
153 3
153 4
153 152
153 39
153 214
153 40
153 223
153 42
153 43
153 151
153 63
153 6
153 15
153 86
153 17
153 180
153 177
153 125
153 127
153 185
153 148
153 48
153 211
153 225
93 109
93 141
93 1
93 100
93 10
93 12
93 63
206 167
206 213
206 198
206 82
206 200
206 11
206 204
206 219
206 86
210 109
210 1
210 232
210 184
184 109
184 1
184 209
184 235
95 1
95 100
95 81
95 82
95 26
95 111
95 55
95 195
95 112
95 114
95 163
95 34
95 35
95 40
95 181
95 189
95 218
95 219
95 15
95 164
95 44
95 45
95 52
95 53
95 236
95 237
95 238
95 117
95 117
239 141
239 200
239 182
239 93
239 94
235 184
235 197
197 109
197 235
197 184
197 178
197 233
197 56
197 85
197 181
197 149
197 222
197 140
240 241
240 95
240 218
241 141
241 100
241 242
241 206
218 141
218 241
218 216
218 178
218 233
218 56
218 85
218 95
218 219
218 222
218 140
209 109
209 183
209 210
209 184
209 28
209 55
209 29
209 4
209 195
209 216
209 187
209 217
209 112
209 197
209 174
209 185
209 140
209 140
242 141
242 132
242 240
242 241
242 29
242 195
242 216
242 113
242 181
242 95
242 219
242 164
242 140
20 30
20 222
20 117
21 36
21 243
21 244
21 117
22 32
22 37
22 38
22 243
22 193
22 117
23 31
23 58
23 117
24 32
24 58
24 59
24 117
25 59
25 245
25 117
26 33
26 245
26 246
26 117
27 34
27 246
27 247
27 117
30 222
30 58
30 117
31 233
31 222
31 58
31 59
31 117
32 33
32 207
32 59
32 245
32 117
33 34
33 248
33 245
33 246
33 247
33 117
34 35
34 249
34 247
34 250
34 117
35 36
35 249
35 251
35 244
35 117
36 37
36 192
36 243
36 193
36 117
37 38
37 192
37 193
37 194
37 117
38 192
38 193
38 194
38 117
39 25
39 207
39 248
39 59
39 245
39 246
39 247
39 117
40 252
40 253
40 249
40 254
40 246
40 247
40 250
40 251
40 117
97 12
97 2
97 55
97 29
97 112
97 255
97 188
97 224
98 84
98 153
98 42
98 43
98 256
98 151
98 257
98 129
60 202
60 20
60 23
60 12
60 2
60 13
60 28
60 55
60 29
60 3
60 4
60 178
60 31
60 152
60 39
60 214
60 40
60 223
60 153
60 14
60 97
60 42
60 43
60 151
60 258
60 191
60 154
60 225
60 226
60 227
60 228
60 229
60 230
60 231
44 49
61 129
46 254
46 47
46 117
47 192
47 48
47 243
47 193
47 117
48 22
48 37
48 38
48 223
48 192
48 97
48 43
48 60
48 47
48 194
48 54
48 117
49 233
49 50
49 222
49 58
49 117
50 233
50 207
50 51
50 58
50 59
50 117
51 207
51 52
51 245
51 117
52 248
52 53
52 245
52 246
52 117
53 248
53 179
53 117
54 48
54 117
41 12
41 2
41 55
41 29
41 113
41 215
41 60
41 151
41 224
42 90
42 153
42 98
42 60
42 256
42 151
42 257
42 129
45 129
178 20
178 4
178 216
178 31
178 233
178 192
178 205
178 258
178 44
178 61
178 194
178 117
179 249
179 259
179 247
179 250
179 117
59 24
59 260
59 117
181 109
181 81
181 82
181 26
181 111
181 182
181 240
181 184
181 55
181 195
181 112
181 114
181 204
181 34
181 95
181 174
181 123
181 44
181 45
181 53
181 236
181 238
181 117
181 117
214 26
214 27
214 248
214 249
214 245
214 246
214 247
214 250
214 117
85 1
85 100
85 12
85 2
85 13
85 84
85 90
85 56
85 64
85 8
85 9
85 87
85 124
215 12
215 2
215 29
215 261
215 97
215 189
56 1
56 100
56 84
56 90
56 178
56 37
56 192
56 192
56 85
56 262
56 205
56 8
56 9
56 80
56 131
56 87
56 124
56 127
56 117
56 129
57 233
57 49
57 211
57 222
57 117
58 24
58 260
58 117
187 167
187 28
187 55
187 216
187 217
187 112
187 113
187 204
187 205
187 218
187 15
187 86
187 127
187 148
187 222
216 13
216 28
216 195
216 261
216 217
216 112
216 178
216 95
216 42
216 197
216 193
216 117
222 233
222 57
222 117
202 12
202 2
202 13
202 28
202 55
202 29
202 112
202 0
202 5
202 153
202 43
202 60
202 221
202 63
202 6
202 171
195 13
195 216
195 261
195 217
195 113
195 178
195 181
195 98
195 197
195 211
195 193
195 117
221 172
221 202
221 12
221 2
221 13
221 28
221 29
221 4
221 217
221 178
221 207
221 85
221 60
221 218
221 8
221 129
189 2
189 28
189 29
189 4
189 216
189 261
189 112
189 113
189 178
189 173
189 163
189 233
189 207
189 215
189 60
189 188
189 263
189 258
189 219
189 236
189 237
189 194
189 59
189 245
189 117
189 129
219 182
219 13
219 28
219 195
219 187
219 112
219 113
219 95
219 43
219 60
219 205
219 15
219 137
196 19
196 13
196 28
196 113
196 173
196 163
196 30
196 30
196 43
196 60
196 151
196 191
196 157
188 2
188 28
188 29
188 4
188 216
188 261
188 112
188 113
188 178
188 163
188 233
188 207
188 215
188 60
188 189
188 263
188 224
188 219
188 236
188 237
188 194
188 59
188 245
188 117
188 129
92 172
92 212
92 10
92 81
92 200
92 210
92 114
99 63
99 6
99 68
99 71
99 73
99 131
99 16
99 76
99 77
99 79
99 117
124 100
124 84
124 90
124 71
124 117
180 12
180 135
180 123
180 15
180 124
180 18
177 2
177 123
177 15
177 77
84 13
84 3
84 4
84 196
84 153
84 42
84 256
84 218
84 123
84 15
84 17
84 138
84 129
87 1
87 84
87 90
87 70
87 71
87 164
87 117
174 183
174 13
174 28
174 217
174 113
174 221
174 123
174 15
183 29
183 3
183 173
183 118
183 101
183 43
183 60
183 69
183 149
183 264
256 84
256 196
256 153
256 98
256 43
256 151
256 129
90 153
90 98
90 256
90 221
90 197
90 123
90 15
90 16
90 127
90 77
90 18
90 79
90 129
233 30
233 222
233 58
233 117
258 2
258 29
258 112
258 60
258 263
258 224
258 48
194 48
194 117
203 17
203 148
208 16
208 185
176 19
176 100
176 12
176 2
176 13
176 28
176 55
176 29
176 3
176 4
176 153
176 14
176 43
176 211
176 129
173 170
173 2
173 187
173 113
173 181
173 43
173 188
173 189
173 16
173 159
173 140
261 12
261 2
261 13
261 55
261 29
261 4
261 195
261 113
261 37
261 37
261 56
261 265
261 266
261 43
261 60
261 188
261 189
261 221
261 205
261 197
261 218
261 47
261 47
261 129
261 129
193 117
265 29
265 195
265 261
265 187
265 217
265 37
265 153
265 266
265 255
265 267
265 197
266 261
266 217
266 153
266 265
266 255
266 267
266 197
268 20
268 23
268 233
268 222
268 58
268 59
268 245
268 117
245 117
152 24
152 233
152 207
152 58
152 59
152 245
152 246
152 117
207 32
207 59
207 245
207 117
246 117
83 180
83 127
83 78
89 88
89 177
89 125
89 18
89 78
260 233
260 207
260 49
260 236
260 58
260 59
260 117
236 207
236 95
236 222
236 245
236 117
236 117
264 100
264 183
264 12
264 2
264 3
264 14
264 106
264 156
264 87
186 163
186 143
186 65
186 60
186 68
186 74
190 96
190 1
190 12
190 13
190 28
190 153
190 91
190 88
269 129
270 129
238 195
238 216
238 56
238 85
238 237
238 271
238 117
237 178
237 233
237 207
237 248
237 249
237 95
237 218
237 263
237 272
237 236
237 271
237 222
237 58
237 59
237 245
237 246
237 247
237 250
237 117
257 254
257 46
257 251
257 244
257 117
273 12
273 153
273 60
273 274
273 129
274 2
274 153
274 43
274 273
274 129
243 117
262 38
262 192
262 189
262 117
275 192
275 117
263 129
223 21
223 22
223 192
223 243
223 193
223 251
223 244
223 117
225 192
225 48
225 117
255 12
255 2
255 55
255 267
255 43
255 48
224 12
224 55
224 113
224 43
224 263
224 258
224 48
267 12
267 2
267 55
267 29
267 255
267 43
267 60
267 48
276 12
276 153
276 97
276 43
276 48
277 217
277 38
277 153
277 41
277 276
277 60
277 48
278 181
279 12
279 55
279 153
279 95
279 42
279 60
226 207
226 117
227 207
227 248
227 117
228 248
228 117
229 248
229 249
229 117
230 249
230 117
231 249
231 254
231 117
244 117
247 117
252 247
252 250
252 117
250 117
253 35
253 250
253 251
253 117
251 117
280 251
280 244
280 117
248 33
248 246
248 247
248 117
249 35
249 250
249 251
249 117
254 36
254 243
254 244
254 117
281 280
281 254
281 192
281 247
281 250
281 251
281 244
281 117
259 249
259 257
259 117
282 254
282 192
282 117
283 254
283 117
272 233
272 95
272 236
272 222
272 117
272 117
271 195
271 216
271 249
271 56
271 85
271 238
271 117
284 178
284 207
284 248
284 249
284 254
284 95
284 197
284 238
284 243
284 193
284 194
284 54
284 250
284 251
284 244
284 117
284 117
285 117
286 117
287 117
288 117
289 117
290 117
291 117
292 117
293 117
294 117
295 129
296 129
