0 1
2 3
4 3
5 6
7 6
2 8
4 8
3 8
5 9
0 9
5 10
9 11
12 13
4 13
3 13
8 13
10 14
12 15
16 15
1 17
11 17
14 17
14 18
13 19
9 20
10 20
14 20
13 21
12 22
21 22
12 23
16 23
13 23
21 23
22 23
12 24
1 24
17 24
6 25
14 25
18 25
20 25
16 26
15 26
24 26
13 27
3 28
8 28
29 30
9 30
11 30
18 30
9 31
30 31
25 32
12 33
17 33
34 33
1 35
9 35
11 35
18 35
30 35
31 35
33 35
9 36
11 36
17 36
30 36
33 37
5 38
16 38
9 38
10 38
30 38
33 38
35 38
12 39
3 39
8 39
5 40
7 40
6 40
26 40
9 41
25 41
30 41
35 41
36 41
7 42
17 42
31 42
36 42
1 43
10 43
14 43
18 43
34 43
20 43
25 43
35 43
41 44
5 45
6 45
17 45
24 45
26 45
40 45
31 46
44 46
9 47
11 47
17 47
30 47
40 47
43 47
48 49
50 49
14 49
18 49
34 49
20 49
25 49
43 49
47 49
9 51
25 51
36 51
38 51
41 52
12 53
4 53
16 53
8 53
15 53
39 53
10 54
49 54
2 55
4 55
2 56
4 56
3 56
8 56
13 56
37 56
39 56
57 56
53 56
36 58
0 59
1 59
10 59
33 59
43 59
28 60
7 61
35 61
52 61
