0 1
0 2
0 3
2 3
0 4
0 5
0 6
0 7
0 8
0 9
10 11
3 11
2 11
0 11
11 12
11 13
11 14
11 15
16 17
16 18
17 18
16 19
17 19
18 19
16 20
17 20
18 20
19 20
16 21
17 21
18 21
19 21
20 21
16 22
17 22
18 22
19 22
20 22
21 22
16 23
17 23
18 23
19 23
20 23
21 23
22 23
12 23
11 23
23 24
11 24
24 25
23 25
11 25
24 26
11 26
16 26
25 26
11 27
23 27
25 27
24 27
26 27
11 28
27 28
23 29
27 29
11 29
23 30
30 31
11 31
23 31
27 31
11 32
11 33
27 33
11 34
29 34
11 35
34 35
29 35
34 36
35 36
11 36
29 36
34 37
35 37
36 37
11 37
29 37
34 38
35 38
36 38
37 38
11 38
29 38
25 39
25 40
24 41
25 41
41 42
25 42
24 42
11 43
26 43
27 43
28 44
11 44
28 45
46 47
47 48
25 48
27 48
11 48
26 49
11 49
49 50
24 50
49 51
26 51
11 51
51 52
39 52
51 53
51 54
49 54
26 54
51 55
49 55
39 55
54 55
26 55
11 55
16 55
25 55
41 55
48 55
49 56
55 56
55 57
41 57
48 57
55 58
48 58
27 58
57 58
11 58
58 59
55 59
48 59
57 59
48 60
58 60
59 60
48 61
58 61
60 61
59 61
57 61
55 61
55 62
58 62
59 62
48 62
57 62
41 62
61 62
60 62
59 63
48 63
62 63
57 63
58 63
61 63
60 63
55 63
55 64
62 64
48 64
63 64
58 64
61 64
60 64
59 64
57 64
11 64
63 65
64 65
48 65
62 65
58 65
61 65
60 65
59 65
57 65
55 65
64 66
58 66
59 66
62 66
65 66
48 66
63 66
61 66
60 66
57 67
25 68
11 68
24 68
27 68
48 68
41 68
25 69
68 69
11 69
24 69
27 69
48 69
41 69
25 70
69 70
68 70
11 70
24 70
27 70
41 70
58 70
27 71
69 71
68 71
70 71
11 71
48 71
41 71
25 71
26 72
27 72
11 72
48 73
48 74
73 74
69 75
68 75
25 75
48 75
41 75
70 75
71 75
64 76
65 76
66 76
63 76
62 76
48 76
58 76
