0 1
0 2
0 3
0 4
0 5
0 6
0 7
0 8
0 9
10 11
10 12
10 13
10 14
10 15
10 6
10 16
10 8
10 17
1 2
1 3
1 4
1 5
1 6
1 7
1 8
1 9
18 2
18 19
18 3
18 20
18 15
18 6
18 21
18 7
18 22
18 23
18 8
18 24
18 25
18 17
18 9
2 19
2 3
2 4
2 5
2 6
2 21
2 7
2 22
2 23
2 8
2 24
2 25
2 9
19 3
19 6
19 21
19 7
19 22
19 23
19 8
19 24
19 25
19 9
11 12
11 13
11 14
11 15
11 16
11 17
12 13
12 14
12 20
12 15
12 21
12 22
12 16
12 17
3 4
3 5
3 6
3 21
3 7
3 22
3 23
3 8
3 24
3 25
3 9
4 5
4 6
4 7
4 8
4 9
13 14
13 15
13 6
13 21
13 22
13 16
13 8
13 17
14 15
14 6
14 7
14 16
14 8
14 17
20 15
20 16
20 23
20 24
20 17
15 21
15 22
15 16
15 17
5 6
5 7
5 8
5 9
6 21
6 7
6 22
6 23
6 8
6 24
6 25
6 9
21 7
21 22
21 16
21 23
21 8
21 24
21 25
21 17
21 9
7 22
7 23
7 8
7 24
7 25
7 9
22 16
22 23
22 8
22 24
22 25
22 17
22 9
16 17
23 8
23 24
23 25
23 9
8 24
8 25
8 9
24 25
24 9
25 9
