0 1
0 18
0 20
0 21
0 22
0 25
0 8
0 9
0 10
0 15
1 2
1 3
1 4
1 5
1 6
1 7
1 11
1 13
1 14
1 17
1 19
1 26
1 27
1 29
2 16
2 18
2 20
2 21
2 24
2 25
2 8
2 9
3 8
3 9
3 10
3 15
3 16
3 18
3 20
3 21
3 24
3 25
3 28
4 16
4 18
4 24
4 25
4 8
4 9
4 10
4 15
6 8
6 9
6 10
6 15
6 16
6 18
6 20
6 21
6 22
6 24
6 28
7 18
7 22
7 8
7 25
7 10
7 15
8 17
8 26
8 11
8 12
8 14
9 17
9 23
9 26
9 11
9 13
9 14
10 17
10 23
10 11
10 13
11 16
11 18
11 22
11 25
11 24
11 15
12 25
12 18
13 16
13 20
13 21
13 22
13 28
13 15
14 16
14 18
14 24
14 25
15 17
15 23
16 17
16 23
16 26
17 18
17 20
17 21
17 24
17 25
17 28
18 23
18 26
20 23
20 26
21 23
21 26
22 23
23 24
23 28
26 28
