0 1
0 12
0 21
1 2
1 3
1 4
1 5
1 6
1 7
1 8
1 9
1 10
1 11
1 13
1 15
1 16
1 17
1 18
1 19
1 20
1 22
1 24
1 25
1 26
1 27
1 28
1 29
1 30
1 33
1 35
1 36
1 37
1 39
1 40
1 41
1 42
1 44
1 45
1 47
1 48
1 49
2 12
2 21
3 12
3 21
4 12
5 12
5 21
6 12
7 12
7 21
8 12
8 21
9 12
9 21
11 12
11 21
12 13
12 14
12 16
12 17
12 19
12 20
12 22
12 23
12 24
12 25
12 26
12 28
12 29
12 31
12 32
12 34
12 35
12 36
12 37
12 38
12 42
12 43
12 44
12 46
12 48
12 49
13 21
14 21
16 21
19 21
21 22
21 23
21 24
21 25
21 27
21 28
21 29
21 31
21 32
21 34
21 37
21 38
21 39
21 40
21 41
21 43
21 47
21 48
