0 1
0 2
0 3
0 4
0 8
0 9
0 10
0 11
0 12
0 15
0 16
0 17
0 20
0 22
0 28
0 29
0 30
0 34
0 37
0 45
0 46
0 47
0 48
0 49
0 50
0 52
0 53
1 5
1 7
1 43
1 56
1 18
1 51
1 57
1 55
1 24
1 25
1 58
1 39
1 31
2 57
2 58
2 5
3 18
3 5
3 7
3 24
3 25
3 57
3 43
3 31
4 5
4 7
4 43
4 24
4 18
4 51
4 57
4 56
4 25
4 58
4 39
4 31
5 6
5 11
5 12
5 13
5 14
5 15
5 16
5 17
5 19
5 21
5 23
5 26
5 27
5 29
5 32
5 34
5 37
5 40
5 41
5 44
5 46
5 47
5 49
5 54
5 59
6 39
6 31
6 7
7 11
7 12
7 13
7 14
7 16
7 17
7 19
7 20
7 27
7 29
7 30
7 32
7 33
7 35
7 36
7 37
7 38
7 42
7 44
7 45
7 46
7 48
7 50
7 52
7 54
8 58
10 58
11 56
11 18
11 24
11 25
11 57
11 43
11 58
11 31
12 43
12 24
12 18
12 51
12 57
12 56
12 25
12 58
12 39
13 56
13 18
13 24
13 25
13 57
13 43
13 31
14 56
14 18
14 43
14 24
14 57
14 39
14 31
15 58
16 51
16 18
16 43
16 56
16 55
16 57
16 39
16 31
17 43
17 56
17 18
17 51
17 57
17 55
17 24
17 25
17 58
17 39
17 31
18 27
18 29
18 30
18 32
18 35
18 36
18 37
18 38
18 40
18 41
18 45
18 47
18 48
18 49
18 50
18 52
18 54
19 56
19 57
19 31
20 56
20 58
21 57
22 58
23 57
24 32
24 34
24 38
24 49
24 40
24 35
24 46
24 54
24 36
24 27
24 29
25 34
25 37
25 38
25 49
25 40
25 41
25 46
25 45
25 48
25 50
25 35
25 27
25 29
25 30
26 57
27 56
27 57
27 43
27 31
28 58
29 51
29 43
29 57
29 39
29 55
30 51
30 43
30 39
30 56
30 55
31 32
31 35
31 36
31 37
31 40
31 41
31 44
31 45
31 47
31 48
31 49
31 50
31 54
32 51
32 43
32 55
32 57
32 39
33 51
33 39
34 57
34 58
35 56
35 51
35 39
35 55
36 43
37 43
37 51
37 55
37 56
37 58
37 39
38 43
38 39
39 44
39 42
39 47
39 52
39 46
39 54
39 49
40 43
41 57
41 43
43 44
43 45
43 46
43 47
43 49
43 54
44 56
44 51
44 57
45 56
45 58
46 56
46 51
46 55
46 58
47 51
47 55
47 57
47 58
48 56
48 58
49 51
49 57
49 58
49 55
50 56
50 58
52 58
54 56
54 57
57 59
