0 1
0 2
0 7
0 28
0 26
0 11
0 12
0 34
0 30
0 31
2 33
2 3
2 4
2 5
2 6
2 49
2 8
2 9
2 10
2 44
2 15
2 17
2 18
2 20
2 21
2 22
2 54
2 37
3 52
4 14
5 57
5 14
6 57
6 26
6 55
8 11
8 12
8 26
8 31
9 19
9 12
10 52
10 13
10 14
11 16
11 41
12 16
12 18
12 24
12 23
13 54
14 17
14 35
14 25
14 27
14 29
14 47
15 32
15 52
15 26
16 34
18 52
18 57
20 32
20 26
21 52
22 57
22 55
23 51
23 43
26 40
26 53
26 49
31 41
31 39
32 49
32 36
32 38
32 40
33 57
36 50
37 57
37 52
40 48
40 42
43 58
43 59
43 45
43 46
44 55
49 50
49 52
51 56
52 54
