0 1
0 4
0 22
0 23
0 20
0 39
1 33
1 2
1 37
1 41
1 9
1 49
1 12
1 18
1 45
2 3
2 4
2 5
2 6
2 40
2 42
2 16
2 50
2 21
2 22
2 24
2 27
2 30
3 9
3 12
4 33
4 36
4 51
4 7
4 8
4 41
4 12
4 14
4 18
4 19
4 55
4 56
4 25
4 26
4 31
5 9
5 43
5 10
5 33
6 33
6 9
6 10
6 18
6 12
6 13
7 20
7 39
8 20
8 34
9 40
9 11
9 44
9 16
9 50
9 22
9 23
9 58
9 38
9 30
10 32
10 24
10 54
10 11
11 13
12 17
12 39
12 15
13 54
13 38
14 20
14 39
15 18
15 37
16 56
18 23
18 57
18 59
18 44
18 29
18 46
19 20
19 39
20 35
20 36
20 25
20 28
21 56
22 41
22 33
23 37
23 45
24 33
24 52
24 49
25 48
25 34
26 39
28 48
29 45
30 56
30 33
31 39
33 40
34 36
36 47
37 44
37 59
39 53
40 56
