0 1
1 2
1 43
1 4
1 5
1 8
1 9
1 11
1 12
1 45
1 20
1 21
1 22
1 23
1 24
1 36
1 54
1 53
1 30
1 31
2 50
2 18
2 3
2 6
2 7
2 26
2 55
2 13
2 14
2 58
3 53
4 32
5 7
6 8
6 11
6 34
6 53
7 19
7 8
7 57
7 10
7 28
7 21
10 16
10 17
10 47
10 48
10 25
10 58
10 27
10 29
10 14
10 15
11 32
13 53
14 57
14 19
14 53
15 49
15 19
15 37
15 38
15 28
16 49
16 56
16 40
16 44
16 42
16 46
17 40
17 49
17 44
17 42
18 53
19 27
21 32
22 32
25 40
25 56
25 44
25 42
26 53
27 56
27 40
27 57
27 28
27 42
29 40
29 56
29 44
29 42
30 32
32 33
32 35
32 54
32 39
32 41
32 45
32 59
40 48
42 52
42 47
44 51
44 47
50 53
57 58
