0 1
0 2
0 35
0 4
0 5
0 51
0 39
0 8
0 9
0 44
0 13
0 17
0 19
0 20
0 62
0 26
0 61
0 30
0 65
1 32
1 68
1 25
1 10
1 11
1 15
2 16
2 53
2 3
2 21
2 23
2 41
2 10
2 31
2 42
2 15
3 64
3 17
3 4
3 5
3 7
3 8
3 20
3 26
3 58
4 34
4 6
4 10
4 11
4 14
4 15
4 18
4 53
4 55
4 57
4 29
4 31
5 16
5 50
5 32
5 21
5 68
5 23
5 41
5 11
6 64
6 7
7 16
7 63
7 27
7 60
7 31
8 16
8 53
8 27
8 56
8 10
8 11
8 31
9 10
9 43
9 42
9 15
10 33
10 39
10 12
10 44
10 40
10 52
10 22
10 36
10 28
10 30
11 35
11 33
11 40
11 46
11 59
11 17
11 52
11 36
11 54
13 42
13 43
13 15
15 19
15 33
15 59
16 64
16 35
17 32
17 68
17 21
19 43
19 21
20 50
20 21
20 23
20 24
20 41
20 43
20 47
21 58
23 35
24 61
25 48
25 66
25 36
25 46
25 33
25 49
25 59
25 45
25 30
26 43
26 31
27 64
30 43
30 37
31 40
31 67
31 69
31 54
31 52
31 62
32 58
32 36
33 37
33 42
36 37
37 66
37 38
40 53
41 61
42 51
42 59
42 44
43 51
43 62
43 65
43 44
43 61
50 61
52 53
53 54
60 67
63 64
