0 1
0 11
0 65
1 33
1 2
1 3
1 5
1 40
1 10
1 67
1 15
1 18
1 51
1 54
1 24
1 26
1 27
1 29
1 30
2 16
2 19
2 48
2 69
2 22
2 17
2 64
2 63
3 32
3 34
3 4
3 6
3 7
3 8
3 9
3 66
3 12
3 13
3 14
3 20
3 57
3 41
3 25
3 59
3 62
4 35
4 53
4 30
5 20
5 21
6 33
6 36
6 38
6 35
6 10
6 46
6 51
6 42
6 30
6 47
7 10
7 18
7 30
7 15
10 58
10 59
10 65
13 30
13 55
14 33
14 53
14 39
14 55
14 30
15 16
15 37
15 28
15 61
16 24
16 26
17 29
17 54
18 52
18 37
18 65
18 23
18 43
18 60
19 26
21 40
21 27
24 45
30 56
30 31
31 35
31 38
33 59
33 65
34 55
37 49
37 44
37 50
47 58
49 68
51 58
