0 1
0 45
1 33
1 2
1 3
1 6
1 38
1 65
1 8
1 9
1 50
1 14
1 15
1 18
1 55
1 58
1 47
1 63
2 32
2 67
2 4
2 37
2 40
2 44
2 11
2 12
2 45
2 19
2 20
2 21
2 23
2 24
2 62
2 53
3 5
4 68
4 58
4 47
5 33
5 6
5 65
5 42
5 43
5 13
5 46
5 29
5 22
5 26
5 15
5 10
5 30
6 48
6 54
6 7
6 44
6 45
7 16
7 17
7 35
7 41
7 25
7 10
7 27
7 28
7 31
9 45
10 54
12 47
14 44
14 45
15 64
15 44
15 45
16 49
16 34
16 36
16 54
17 49
17 34
19 38
19 47
20 47
21 58
23 59
23 68
23 38
23 47
25 48
25 54
27 48
27 54
28 54
31 48
31 54
33 44
35 48
37 47
38 69
38 39
40 58
41 54
44 52
44 65
44 57
44 60
44 61
47 51
47 56
47 62
54 66
62 68
64 65
