0 1
0 2
0 3
0 68
0 5
0 7
0 9
0 10
0 66
0 15
0 16
0 67
0 20
0 22
0 25
0 26
0 31
0 35
0 38
0 40
0 45
0 46
0 47
0 50
0 53
0 55
0 59
0 61
1 64
1 4
1 37
1 6
1 39
1 8
1 44
1 12
1 13
1 48
1 56
1 52
1 21
1 54
1 24
1 36
1 29
2 4
2 6
2 13
2 14
2 18
2 21
2 23
2 24
2 27
2 29
2 33
2 34
2 37
2 44
2 49
2 51
2 52
2 54
2 57
2 58
2 62
2 63
3 64
3 34
3 4
3 37
3 6
3 8
3 44
3 12
3 13
3 14
3 48
3 18
3 52
3 21
3 54
3 23
3 56
3 57
3 30
3 69
4 32
4 66
4 5
4 7
4 9
4 42
4 11
4 45
4 46
4 47
4 16
4 43
4 35
4 20
4 53
4 67
4 25
4 26
5 33
5 34
5 37
5 13
5 14
5 49
5 18
5 21
5 58
5 62
6 7
6 9
6 10
6 11
6 15
6 16
6 17
6 19
6 20
6 22
6 25
6 26
6 28
6 31
6 67
6 35
6 38
6 41
6 45
6 46
6 50
6 55
6 59
6 61
6 65
7 8
7 12
7 13
7 14
7 18
7 21
7 23
7 24
7 27
7 30
7 33
7 34
7 36
7 37
7 39
7 49
7 51
7 52
7 56
7 58
7 60
7 62
7 63
8 11
8 15
8 16
8 19
8 20
8 22
8 25
8 26
8 28
8 67
8 38
8 40
8 41
8 45
8 46
8 53
8 59
8 61
8 65
9 33
9 34
9 37
9 44
9 13
9 14
9 18
9 52
9 21
9 54
9 56
9 57
9 58
9 29
9 62
10 34
10 37
10 54
10 44
10 13
10 29
11 64
11 39
11 44
11 12
11 48
11 52
11 21
11 57
11 24
11 36
12 65
12 45
12 46
12 16
12 50
12 67
12 53
12 25
12 59
13 68
13 66
13 15
13 16
13 17
13 67
13 20
13 22
13 25
13 26
13 28
13 31
13 32
13 35
13 38
13 40
13 41
13 43
13 45
13 46
13 47
13 53
13 55
13 59
13 61
14 68
14 66
14 67
14 45
14 46
14 47
14 16
14 35
14 20
14 53
14 22
14 25
14 26
14 59
14 61
14 31
15 56
15 52
15 37
15 57
15 29
16 64
16 69
16 18
16 21
16 23
16 27
16 29
16 33
16 34
16 44
16 48
16 49
16 51
16 52
16 54
16 57
16 58
16 60
16 62
16 63
17 52
17 54
17 57
17 44
18 32
18 68
18 66
18 43
18 45
18 46
18 47
18 35
18 25
18 31
19 52
19 54
19 57
19 44
19 69
20 34
20 37
20 44
20 51
20 52
20 21
20 54
20 23
20 56
20 57
20 27
20 60
20 30
20 69
21 32
21 45
21 46
21 43
21 50
21 35
21 53
21 67
21 25
21 26
21 31
22 34
22 37
22 44
22 51
22 52
22 54
22 23
22 56
22 57
22 69
22 27
22 60
22 29
22 30
22 63
23 45
23 46
23 67
23 53
23 25
23 26
23 59
23 28
24 67
24 65
24 50
25 27
25 29
25 30
25 33
25 34
25 37
25 44
25 49
25 51
25 52
25 54
25 56
25 57
25 58
25 60
25 62
25 63
26 34
26 37
26 51
26 52
26 57
26 69
26 27
26 60
26 29
26 30
26 63
27 67
27 53
27 28
27 46
28 51
28 52
28 69
28 57
28 30
28 63
29 35
29 68
29 40
29 55
29 45
29 46
29 50
29 53
29 41
29 59
29 61
30 67
30 53
30 59
30 46
31 33
31 34
31 37
31 44
31 49
31 54
31 56
31 58
31 62
32 33
32 49
32 58
32 62
33 68
33 67
33 66
33 42
33 43
33 45
33 46
33 47
33 59
34 66
34 45
34 46
34 47
34 55
34 59
34 61
35 37
35 44
35 49
35 52
35 56
35 57
36 50
36 67
36 65
37 66
37 67
37 38
37 40
37 41
37 46
37 47
37 53
37 59
37 61
38 56
38 69
39 50
39 67
39 65
40 56
40 69
41 52
41 57
41 54
41 44
41 69
42 58
42 62
43 49
44 68
44 65
44 45
44 46
44 53
44 55
44 59
45 69
45 64
45 48
45 49
45 52
45 56
45 57
46 69
46 48
46 49
46 51
46 52
46 54
46 56
46 57
46 58
46 60
46 62
46 63
47 49
47 56
48 59
48 65
48 61
49 59
49 61
50 56
50 52
50 57
51 67
51 53
51 59
51 61
52 68
52 67
52 65
53 69
53 54
53 56
53 60
53 63
54 68
54 59
54 61
56 67
56 68
56 59
56 61
57 65
57 68
57 59
57 61
58 67
58 68
59 69
59 60
59 63
60 67
60 61
61 64
61 63
62 67
62 68
64 65
67 69
