0 64
0 1
0 14
1 2
1 3
1 4
1 5
1 6
1 7
1 8
1 10
1 11
1 12
1 13
1 15
1 18
1 19
1 20
1 21
1 22
1 24
1 26
1 27
1 28
1 30
1 31
1 34
1 35
1 36
1 37
1 39
1 40
1 42
1 43
1 44
1 46
1 47
1 48
1 49
1 50
1 54
1 55
1 60
1 61
1 63
1 66
1 69
1 70
1 71
1 75
1 76
1 77
1 79
2 9
3 64
3 14
3 25
4 25
4 9
5 25
5 9
6 14
7 9
8 25
9 65
9 72
9 73
9 74
9 11
9 79
9 16
9 18
9 19
9 23
9 24
9 26
9 27
9 29
9 32
9 38
9 41
9 43
9 45
9 48
9 52
9 58
9 59
9 62
10 25
13 25
14 17
14 35
16 57
16 33
17 78
18 25
22 25
23 67
23 57
23 33
24 25
25 66
25 70
25 68
25 26
25 30
25 41
25 46
25 49
25 51
25 52
25 53
25 56
25 72
33 73
35 64
35 78
57 59
67 73
