0 1
0 3
0 54
0 6
0 7
0 8
0 9
0 27
0 44
0 43
1 16
1 2
1 5
1 22
1 23
1 25
1 10
1 76
1 26
1 47
2 18
2 35
2 4
2 59
2 28
2 79
2 31
2 12
2 34
2 15
4 16
4 66
4 45
4 22
5 48
5 51
5 33
5 17
5 42
5 11
5 12
5 13
8 20
10 56
10 65
10 33
11 68
11 46
11 69
12 39
12 14
12 77
12 46
12 69
14 78
15 40
15 64
15 62
15 55
16 32
16 37
16 38
16 41
16 42
16 50
16 19
16 21
16 73
16 58
16 70
16 29
16 30
18 49
18 22
18 39
18 74
18 66
19 53
20 24
22 67
22 60
22 42
22 28
22 63
23 33
28 40
28 45
28 39
31 39
33 36
35 45
36 57
40 61
42 46
42 77
45 71
45 72
45 60
45 52
46 78
47 67
47 63
62 75
