0 64
0 1
0 3
0 68
0 5
0 7
0 11
0 12
0 13
0 14
0 15
0 16
0 17
0 18
0 21
0 87
0 25
0 28
0 29
0 77
0 65
0 44
0 45
0 46
0 48
0 49
0 54
0 57
0 89
1 2
2 35
2 36
2 38
2 6
2 71
2 8
2 9
2 10
2 43
2 73
2 80
2 50
2 51
2 20
2 22
2 23
2 24
2 59
2 60
2 69
3 52
3 37
3 39
3 4
3 58
4 56
5 34
5 67
5 53
5 83
5 26
5 62
5 74
5 30
7 19
11 26
11 74
11 55
13 55
16 19
18 26
18 19
18 74
19 48
19 89
19 27
19 66
19 31
20 32
20 47
22 81
23 32
23 41
23 47
24 33
24 63
26 85
30 42
31 40
31 72
31 61
32 71
32 69
36 75
36 47
39 56
40 70
41 69
46 55
47 69
47 71
47 79
48 72
48 61
49 55
55 84
55 86
55 88
61 70
63 76
70 78
71 75
71 82
73 81
75 79
