0 48
0 1
0 2
0 3
0 5
0 38
0 23
0 41
0 71
0 29
0 31
1 40
1 50
1 19
1 22
1 56
1 8
2 40
2 18
2 67
2 68
2 8
2 89
2 76
2 50
2 78
3 65
3 34
3 67
3 4
3 8
3 9
3 75
3 76
3 77
3 46
3 15
3 49
3 18
3 51
3 52
3 14
3 54
3 55
3 89
3 79
4 37
4 6
4 23
4 41
4 71
4 7
4 63
4 31
6 39
6 9
6 74
6 11
6 12
6 14
6 47
6 81
6 20
6 73
6 25
6 57
6 36
7 35
7 34
7 27
7 20
7 21
7 25
7 74
7 11
7 14
8 69
8 33
8 10
8 44
8 13
8 29
8 83
8 58
8 59
8 26
8 62
9 48
9 23
9 29
9 31
10 16
10 24
10 18
10 49
10 17
10 75
10 66
11 37
13 49
13 18
13 67
13 75
14 43
14 37
14 23
14 41
14 42
15 23
15 72
15 41
15 71
15 29
15 31
16 32
16 28
17 88
17 28
18 32
18 70
18 41
18 61
18 45
18 82
18 23
18 88
18 28
18 29
18 30
18 31
19 58
19 83
20 37
20 42
20 43
20 60
22 58
22 59
23 65
23 67
23 89
23 55
23 80
24 32
24 64
24 28
24 53
25 37
28 86
29 49
29 51
29 55
29 67
29 75
30 67
31 34
31 67
31 76
31 78
31 54
31 87
31 89
32 67
32 86
34 72
35 37
37 84
37 54
37 87
41 51
41 85
41 55
41 89
41 67
42 77
42 85
43 77
44 49
44 52
44 79
45 67
48 76
48 78
49 82
49 88
51 71
54 72
54 63
56 59
67 70
67 82
70 89
71 76
71 78
72 87
75 82
75 88
82 89
