0 1
0 2
0 3
0 4
0 6
0 33
0 9
0 10
0 39
0 51
0 41
0 67
0 57
0 28
0 74
0 31
1 40
1 84
1 5
1 7
1 8
1 89
1 60
1 47
2 56
3 32
3 59
3 84
3 63
3 11
3 15
4 32
4 68
4 5
4 70
4 7
4 40
4 11
4 77
4 80
4 56
4 53
4 55
4 24
4 37
5 64
5 66
5 10
5 12
5 78
5 16
5 83
5 87
5 88
5 29
6 14
7 13
7 71
9 50
9 35
9 37
9 54
9 23
9 58
9 11
10 49
10 86
10 56
10 21
11 65
11 38
11 75
11 44
11 13
11 82
11 19
11 20
11 62
11 73
11 36
11 27
11 30
12 18
12 70
12 89
12 46
12 53
15 17
15 34
15 42
15 22
16 89
16 53
18 78
20 37
20 23
23 33
23 51
23 81
23 25
23 43
23 45
23 52
24 36
24 26
24 69
24 30
26 77
28 32
28 59
28 72
28 55
31 32
31 59
32 67
35 45
39 56
39 59
41 84
45 54
46 48
46 61
51 59
51 84
55 67
56 79
57 84
59 65
59 76
67 85
67 72
86 87
87 89
88 89
