0 1
0 6
0 72
0 42
0 45
0 47
1 16
1 2
1 3
1 4
1 58
1 48
1 10
1 67
1 34
2 56
3 5
3 6
3 39
3 8
3 41
3 74
3 46
3 15
3 49
3 19
3 88
3 57
3 27
3 60
4 82
4 6
4 15
4 75
4 63
5 24
5 32
6 7
6 9
6 11
6 12
6 13
6 14
6 77
6 81
6 18
6 21
6 22
6 89
6 68
6 26
6 29
6 33
6 38
6 43
6 50
6 51
6 52
6 53
6 54
6 59
7 64
7 47
7 78
7 31
8 37
9 63
10 42
11 47
11 27
11 39
12 17
12 66
13 20
13 63
15 25
15 58
15 23
16 80
19 65
19 35
19 87
19 40
19 61
19 30
22 82
23 76
23 28
24 86
24 62
26 82
27 36
27 70
27 30
28 55
34 42
34 44
43 82
43 85
43 63
45 69
46 58
47 71
48 80
52 63
54 82
57 65
57 58
63 84
63 83
63 79
67 73
87 88
