0 1
0 13
0 53
1 2
1 3
1 4
1 5
1 6
1 7
1 8
1 9
1 10
1 11
1 12
1 66
1 14
1 77
1 19
1 21
1 22
1 25
1 27
1 29
1 31
1 37
1 39
1 78
1 47
1 54
1 59
1 60
1 62
1 63
2 16
2 20
2 45
2 44
3 18
3 89
3 44
3 50
3 13
4 16
4 67
4 53
4 38
4 87
4 24
4 13
4 46
4 45
5 18
5 44
5 45
6 44
6 45
7 18
7 67
7 53
7 89
7 44
7 45
8 16
8 67
8 53
8 40
8 24
8 87
8 75
8 13
8 45
9 16
10 18
10 45
11 67
11 71
11 40
11 42
11 13
11 45
11 16
11 82
11 20
11 53
11 24
11 26
12 18
12 68
12 89
12 84
12 44
12 50
13 64
13 86
13 73
13 78
13 15
13 17
13 62
13 54
13 23
13 56
13 36
13 55
14 18
14 67
14 38
14 24
14 44
14 45
14 46
15 75
15 87
16 33
16 70
16 43
16 66
16 17
16 22
16 58
16 28
16 61
17 40
17 75
17 35
18 81
18 34
18 54
18 77
18 21
19 44
19 89
20 32
20 22
20 66
20 30
20 47
21 53
21 49
21 41
21 85
22 50
22 24
22 89
22 26
22 44
22 45
25 44
26 47
27 53
28 40
28 83
28 35
29 44
29 89
31 53
35 64
35 74
35 80
36 75
37 50
37 44
39 53
40 48
40 43
40 76
40 60
40 74
40 61
40 88
43 51
44 65
44 72
44 52
45 65
45 66
45 47
45 72
45 52
47 53
47 71
48 51
50 54
50 57
50 77
50 69
53 79
53 58
54 87
62 75
62 87
64 75
64 87
65 67
66 67
67 78
73 75
73 87
75 78
86 87
